Isocortex_FRP	Isocortex_MO	Isocortex_ORB	Isocortex_PTLp	Isocortex_RSPd	Isocortex_RSPv	Isocortex_SS	Isocortex_VIS	OlfactoryAreas_AON1	OlfactoryAreas_AON2	OlfactoryAreas_MOBgl	OlfactoryAreas_MOBgr	OlfactoryAreas_MOBipl	OlfactoryAreas_MOBmi	OlfactoryAreas_MOBopl	OlfactoryAreas_PIR1	OlfactoryAreas_PIR2	OlfactoryAreas_PIR3	Hippocampus_CA1slm	Hippocampus_CA1so	Hippocampus_CA1sp	Hippocampus_CA1sr	Hippocampus_CA2slm	Hippocampus_CA2so	Hippocampus_CA2sp	Hippocampus_CA2sr	Hippocampus_CA3slm	Hippocampus_CA3slu	Hippocampus_CA3so	Hippocampus_CA3sp	Hippocampus_CA3sr	Hippocampus_DGgrInf	Hippocampus_DGgrSup	Hippocampus_DGmoInf	Hippocampus_DGmoSup	Hippocampus_DGpo	Hippocampus_SUB	CorticalSubplate_CLA	CorticalSubplate_EPd	Striatum_ACBc	Striatum_ACBsh	Striatum_CP	Striatum_FS	Striatum_OT1	Striatum_OT2	Striatum_OT3	Striatum_isl	Pallidum_BST	Pallidum_GPi	Pallidum_MA	Pallidum_NDB	Pallidum_SI	Thalamus_AV	Thalamus_LD	Thalamus_LP	Thalamus_PO	Thalamus_RT	Thalamus_SPFp	Thalamus_VAL	Thalamus_VM	Thalamus_VPL	Thalamus_VPM	Hypothalamus_LHA	Hypothalamus_LPO	Hypothalamus_PSTN	Hypothalamus_SO	Hypothalamus_STN	Hypothalamus_ZI	Midbrain_APN	Midbrain_CUN	Midbrain_IC	Midbrain_MRN	Midbrain_NOT	Midbrain_PPN	Midbrain_PPT	Midbrain_RR	Midbrain_SCm	Midbrain_SCs	Midbrain_SNc	Midbrain_SNr	Pons_NLL	Pons_PB	Pons_PG	Pons_PRNc	Pons_PRNr	Pons_SOC	Pons_SUT	Pons_V	Medulla_AMB	Medulla_CU	Medulla_IRN	Medulla_LAV	Medulla_LI	Medulla_LRN	Medulla_MV	Medulla_MX	Medulla_PARN	Medulla_PGRNl	Medulla_SPIV	Medulla_SPVC	Medulla_SPVI	Medulla_SPVO	Medulla_SUV	Medulla_VII	Medulla_X	Cerebellum_CENT3gr	Cerebellum_CENT3mo	Cerebellum_CUL4,5gr	Cerebellum_CUL4,5mo	Cerebellum_DECgr	Cerebellum_DECmo	Cerebellum_FN	Cerebellum_FOTUgr	Cerebellum_FOTUmo	Cerebellum_IP	Cerebellum_NODgr	Cerebellum_NODmo	Cerebellum_PYRgr	Cerebellum_PYRmo	Cerebellum_UVUgr	Cerebellum_UVUmo
1	0.89787	0.91819	0.57965	0.63693	0.89654	0.76862	0.51892	0.62925	0.66859	0.53408	0.73093	0.88349	0.56741	0.86122	0.85897	0.72501	0.60921	0.62885	0.65847	0.39368	0.65424	0.38963	0.49087	0.54899	0.6967	0.25005	0.026468	0.58085	0.10147	0.47337	0.074093	0.18014	0.4821	0.3475	0.21022	0.67777	0.39479	0.60215	0.85702	0.93476	0.84999	0.69601	0.8646	0.85714	0.88265	0.72149	0.61046	0.19088	0.27464	0.43326	0.38732	0.26593	0.37125	0.50533	0.55368	0.15651	0.51631	0.26946	0.72981	0.53192	0.67263	0.35606	0.31515	0.60945	0.23434	0.38676	0.56546	0.44749	0.45675	0.55249	0.45188	0.46436	0.4835	0.50243	0.44648	0.5278	0.40165	0.56495	0.4526	0.32878	0.61021	0.35613	0.28835	0.44543	0.34148	0.42942	0.44145	0.24031	0.45866	0.2174	0.41329	0.47406	0.25791	0.50446	0.19405	0.33786	0.19398	0.45267	0.22361	0.32954	0.28874	0.42858	0.14179	0.25998	0.28479	0.34452	0.25388	0.23132	0.12268	0.17453	0.045067	0.12895	0.27184	0.3074	0.42441	0.38817	0.29521	0.26253	0.28936	0.36472
0.89787	1	0.97345	0.79741	0.72379	0.93675	0.94919	0.68518	0.5982	0.69481	0.64353	0.60742	0.75869	0.39352	0.83211	0.85814	0.77731	0.81168	0.57167	0.73635	0.33837	0.63541	0.39281	0.61333	0.46362	0.77308	0.25131	0.0088373	0.72729	0.055571	0.60943	0.12883	0.26361	0.64162	0.38772	0.13053	0.83867	0.61882	0.798	0.93753	0.9303	0.90774	0.90433	0.83713	0.77739	0.8394	0.68149	0.8252	0.26036	0.38918	0.60928	0.54845	0.43695	0.57518	0.73921	0.73967	0.30081	0.71314	0.43679	0.84328	0.69195	0.71978	0.53081	0.4764	0.69678	0.35846	0.47536	0.75362	0.6863	0.65318	0.77209	0.65847	0.6916	0.66404	0.70448	0.65946	0.76699	0.63818	0.68735	0.60292	0.43258	0.76632	0.51279	0.46323	0.63428	0.52721	0.60588	0.60032	0.37556	0.43971	0.35507	0.54141	0.57566	0.35365	0.6439	0.23088	0.522	0.32835	0.59656	0.36668	0.51986	0.4454	0.59646	0.27893	0.35622	0.26722	0.28304	0.22375	0.20761	0.11271	0.17006	0.10963	0.12253	0.32632	0.48407	0.41666	0.44414	0.289	0.2515	0.28521	0.4251
0.91819	0.97345	1	0.77707	0.78927	0.96598	0.92394	0.71805	0.63754	0.77297	0.70655	0.70911	0.84839	0.4868	0.80385	0.81973	0.86032	0.80871	0.55227	0.76353	0.44676	0.63875	0.36125	0.56649	0.57666	0.76173	0.22691	0.013155	0.70426	0.079028	0.58597	0.14064	0.30931	0.62043	0.35835	0.17146	0.82069	0.59573	0.78227	0.94439	0.91748	0.93065	0.87368	0.79899	0.85943	0.87329	0.78504	0.76964	0.29297	0.41729	0.61758	0.56303	0.40935	0.54861	0.71071	0.71595	0.29004	0.67294	0.40606	0.85827	0.69451	0.78663	0.51487	0.4727	0.65582	0.36338	0.53247	0.74661	0.64755	0.62528	0.7065	0.62009	0.663	0.64312	0.63831	0.62935	0.68485	0.57918	0.69058	0.60598	0.45359	0.72417	0.48785	0.41266	0.59373	0.4795	0.51512	0.57154	0.31248	0.41998	0.28844	0.5517	0.53014	0.34782	0.64143	0.21098	0.45772	0.29371	0.53266	0.29738	0.45123	0.42131	0.53091	0.24035	0.38633	0.31115	0.35567	0.27204	0.27105	0.12378	0.22003	0.090435	0.1415	0.38133	0.46072	0.4641	0.51229	0.33693	0.30661	0.29447	0.49574
0.57965	0.79741	0.77707	1	0.83464	0.74225	0.93445	0.93206	0.45116	0.71439	0.72101	0.46568	0.52445	0.25439	0.49626	0.59083	0.77699	0.96621	0.32077	0.68314	0.29712	0.45753	0.23625	0.51273	0.39109	0.62371	0.15035	0.0031733	0.75822	0.041139	0.64382	0.34776	0.50023	0.70445	0.28055	0.099186	0.73165	0.90075	0.92176	0.8049	0.6581	0.80836	0.9393	0.50731	0.53989	0.55855	0.56722	0.84363	0.4663	0.66443	0.86955	0.80701	0.73531	0.88504	0.95434	0.92802	0.62747	0.91145	0.74882	0.89633	0.88242	0.74038	0.80748	0.78077	0.54599	0.64694	0.68231	0.92191	0.93762	0.8648	0.87847	0.88709	0.9441	0.8469	0.78523	0.86721	0.86254	0.85847	0.70762	0.75663	0.67938	0.81496	0.58279	0.73856	0.83682	0.74395	0.64195	0.77847	0.49435	0.31185	0.49522	0.75596	0.55013	0.52366	0.82495	0.30447	0.75256	0.6033	0.6238	0.53636	0.73567	0.76846	0.68517	0.57396	0.57806	0.28859	0.23378	0.25325	0.24467	0.12276	0.23804	0.2902	0.15174	0.47456	0.7667	0.4318	0.61088	0.32979	0.27689	0.27549	0.57604
0.63693	0.72379	0.78927	0.83464	1	0.81482	0.81571	0.93316	0.57968	0.87909	0.87618	0.64269	0.68265	0.45552	0.50696	0.57342	0.91255	0.86495	0.36832	0.78183	0.58068	0.55058	0.24518	0.44811	0.65138	0.62147	0.16002	0.012912	0.70936	0.11398	0.60366	0.29768	0.5817	0.6767	0.29214	0.22659	0.67107	0.68058	0.8081	0.83361	0.68441	0.88153	0.79065	0.51203	0.72342	0.66882	0.79496	0.67211	0.51443	0.68335	0.80456	0.76093	0.57902	0.71206	0.77566	0.78924	0.46568	0.72122	0.54083	0.89309	0.83997	0.90655	0.67126	0.67233	0.50244	0.5846	0.8097	0.82579	0.72101	0.72784	0.69388	0.6998	0.75511	0.74871	0.56171	0.71076	0.61247	0.62944	0.69919	0.71789	0.71489	0.70261	0.49645	0.5077	0.66537	0.5309	0.44759	0.67001	0.30025	0.34463	0.29254	0.72261	0.48213	0.5005	0.77619	0.25945	0.51894	0.4122	0.50138	0.32342	0.50747	0.62141	0.491	0.33464	0.65897	0.46056	0.43431	0.45794	0.49673	0.18404	0.46814	0.1285	0.24905	0.6607	0.59788	0.6517	0.78345	0.52955	0.46035	0.35145	0.77585
0.89654	0.93675	0.96598	0.74225	0.81482	1	0.88926	0.70665	0.62731	0.75171	0.76027	0.66949	0.82749	0.51422	0.84944	0.78269	0.83374	0.77306	0.60313	0.81074	0.5076	0.68865	0.40788	0.58625	0.59915	0.76246	0.26094	0.015684	0.72089	0.08451	0.60708	0.12226	0.31044	0.65445	0.40609	0.17609	0.85603	0.54748	0.73827	0.97584	0.93537	0.93424	0.84218	0.80771	0.88917	0.89627	0.79109	0.7446	0.26532	0.39464	0.5916	0.5383	0.39775	0.52798	0.68313	0.66912	0.27323	0.62147	0.37064	0.81937	0.66623	0.77942	0.48218	0.44334	0.66472	0.34298	0.50802	0.70896	0.61523	0.60085	0.69232	0.58212	0.62634	0.61922	0.56433	0.59962	0.64421	0.56661	0.67329	0.58113	0.43754	0.68512	0.46959	0.38008	0.55653	0.43831	0.50652	0.53836	0.27874	0.44142	0.26648	0.51526	0.52214	0.33259	0.61471	0.18941	0.4298	0.26794	0.53007	0.2808	0.43756	0.40348	0.48744	0.21685	0.37881	0.32034	0.39541	0.28875	0.33202	0.12277	0.27703	0.074499	0.14364	0.44738	0.42647	0.5359	0.532	0.35902	0.36915	0.31004	0.53434
0.76862	0.94919	0.92394	0.93445	0.81571	0.88926	1	0.8331	0.55552	0.72584	0.72563	0.54573	0.66091	0.32607	0.69805	0.76483	0.80618	0.92985	0.48302	0.77839	0.3343	0.59676	0.35475	0.63541	0.43814	0.76188	0.22831	0.0054401	0.81045	0.04741	0.69486	0.20863	0.36987	0.73533	0.37874	0.11369	0.85695	0.76403	0.89094	0.92867	0.84498	0.90449	0.96783	0.70703	0.68769	0.73872	0.64563	0.86384	0.34178	0.51238	0.74262	0.67144	0.57362	0.73193	0.87338	0.85164	0.44525	0.82259	0.57335	0.9059	0.80873	0.76294	0.65921	0.61287	0.63112	0.47993	0.58041	0.8555	0.83123	0.76677	0.85928	0.77894	0.83914	0.76533	0.76013	0.77601	0.8448	0.77378	0.70483	0.67975	0.54352	0.80875	0.55817	0.5867	0.73629	0.62716	0.63737	0.69421	0.42812	0.37639	0.41927	0.63863	0.57681	0.43126	0.73339	0.25996	0.63326	0.44059	0.61579	0.44774	0.6335	0.59293	0.63975	0.39999	0.45988	0.27957	0.26461	0.23856	0.234	0.11335	0.20973	0.17652	0.13247	0.40846	0.61071	0.43716	0.5348	0.31159	0.27245	0.27787	0.50624
0.51892	0.68518	0.71805	0.93206	0.93316	0.70665	0.8331	1	0.47011	0.79999	0.82462	0.51925	0.54552	0.30736	0.40714	0.50086	0.84607	0.93015	0.27115	0.6852	0.41782	0.4313	0.18718	0.42349	0.49821	0.55734	0.11973	0.0050907	0.70094	0.067752	0.59031	0.42556	0.65792	0.67006	0.2381	0.14716	0.63996	0.84503	0.8702	0.7558	0.58238	0.79694	0.84174	0.41929	0.56457	0.53721	0.65409	0.7212	0.5949	0.79122	0.90431	0.8644	0.72993	0.85834	0.88536	0.8753	0.64532	0.82988	0.70691	0.88822	0.90149	0.8257	0.80532	0.81455	0.4654	0.71928	0.83665	0.90026	0.86092	0.82619	0.76498	0.82263	0.89104	0.82629	0.66056	0.8249	0.70816	0.75366	0.7003	0.77626	0.78473	0.73664	0.5498	0.65861	0.77432	0.67048	0.49773	0.75178	0.38557	0.28687	0.38067	0.80812	0.4797	0.56322	0.83873	0.29192	0.64549	0.56046	0.53163	0.4209	0.62089	0.76628	0.57579	0.50421	0.71968	0.39402	0.3169	0.36555	0.36515	0.16122	0.36024	0.24206	0.21581	0.60502	0.75385	0.53002	0.76306	0.44955	0.35936	0.30998	0.72902
0.62925	0.5982	0.63754	0.45116	0.57968	0.62731	0.55552	0.47011	1	0.6892	0.47308	0.48312	0.5863	0.36386	0.5205	0.78266	0.63369	0.56094	0.58991	0.68718	0.33774	0.76115	0.36658	0.47299	0.47887	0.66948	0.32316	0.024632	0.56072	0.12252	0.52764	0.092808	0.19813	0.6058	0.46459	0.26761	0.42538	0.3323	0.61216	0.60404	0.66825	0.75337	0.49186	0.66302	0.71985	0.7699	0.71717	0.46591	0.25113	0.33869	0.44151	0.39277	0.33484	0.38567	0.44971	0.53682	0.21599	0.45224	0.29087	0.67177	0.61708	0.78768	0.36113	0.33795	0.4905	0.29182	0.49515	0.51755	0.39939	0.46553	0.48318	0.4185	0.41638	0.52408	0.47833	0.45348	0.42292	0.36692	0.54672	0.47339	0.41751	0.58284	0.51948	0.28745	0.43408	0.33027	0.34287	0.54116	0.24594	0.52112	0.21361	0.42057	0.55572	0.46464	0.45964	0.25609	0.32768	0.22637	0.41954	0.23487	0.33466	0.33325	0.35882	0.14042	0.45718	0.50328	0.31768	0.44629	0.20424	0.28353	0.1495	0.036722	0.32109	0.22031	0.32371	0.47398	0.33891	0.52259	0.19157	0.4289	0.32636
0.66859	0.69481	0.77297	0.71439	0.87909	0.75171	0.72584	0.79999	0.6892	1	0.6715	0.77524	0.7612	0.57651	0.47625	0.60862	0.96333	0.78549	0.33045	0.65646	0.56559	0.51458	0.18127	0.337	0.78719	0.57949	0.12432	0.026166	0.59906	0.20723	0.46923	0.28378	0.47702	0.54252	0.2238	0.37261	0.49873	0.59784	0.7889	0.74079	0.65008	0.86359	0.70011	0.49317	0.74514	0.65556	0.89544	0.60099	0.54582	0.64463	0.71707	0.68771	0.52924	0.60918	0.65564	0.77349	0.36428	0.69084	0.52968	0.89468	0.82906	0.94652	0.60945	0.60644	0.51836	0.55022	0.81526	0.76937	0.60136	0.66494	0.5876	0.63525	0.62467	0.70873	0.59421	0.6314	0.53396	0.48638	0.71391	0.69559	0.73195	0.71105	0.53303	0.4794	0.64981	0.52585	0.40741	0.702	0.32105	0.44396	0.28237	0.74076	0.5371	0.57576	0.77158	0.36803	0.49195	0.4031	0.50358	0.30697	0.44633	0.56852	0.51736	0.27413	0.6652	0.61294	0.54831	0.57549	0.46341	0.31179	0.3781	0.096825	0.37176	0.53933	0.55708	0.62281	0.77917	0.6406	0.466	0.50023	0.72329
0.53408	0.64353	0.70655	0.72101	0.87618	0.76027	0.72563	0.82462	0.47308	0.6715	1	0.48893	0.57653	0.33916	0.4642	0.47455	0.75372	0.72938	0.34047	0.71133	0.55927	0.46812	0.24385	0.44149	0.51987	0.51269	0.15184	0.0064269	0.59799	0.061524	0.531	0.21729	0.55949	0.63224	0.29337	0.12987	0.72958	0.57975	0.66851	0.7723	0.61848	0.75809	0.721	0.48018	0.6972	0.64542	0.70442	0.62217	0.37074	0.53445	0.68506	0.65717	0.48017	0.59633	0.69997	0.60951	0.43419	0.56449	0.39003	0.72482	0.6785	0.76146	0.54958	0.54881	0.46376	0.47561	0.63433	0.70019	0.64996	0.62122	0.64489	0.58522	0.69054	0.62818	0.44037	0.6407	0.55041	0.60942	0.62804	0.62662	0.51395	0.56134	0.46585	0.37996	0.52685	0.44055	0.38261	0.51222	0.22345	0.28894	0.22587	0.56856	0.40059	0.37792	0.6116	0.13207	0.39212	0.29366	0.42916	0.24362	0.41963	0.45583	0.39453	0.26914	0.54721	0.37582	0.31948	0.36198	0.38474	0.12144	0.37943	0.11136	0.17365	0.57182	0.50102	0.63712	0.61233	0.45188	0.3363	0.26707	0.64856
0.73093	0.60742	0.70911	0.46568	0.64269	0.66949	0.54573	0.51925	0.48312	0.77524	0.48893	1	0.93261	0.8243	0.46398	0.50739	0.8075	0.5058	0.26653	0.4354	0.58439	0.35963	0.12237	0.20552	0.82064	0.41815	0.070603	0.061767	0.3622	0.27914	0.25541	0.1226	0.26484	0.27677	0.11936	0.46519	0.38434	0.36137	0.49155	0.61604	0.58286	0.68846	0.5259	0.45083	0.73857	0.61264	0.82638	0.42289	0.34852	0.38114	0.43993	0.43466	0.2389	0.32013	0.3921	0.4783	0.14011	0.4404	0.25694	0.6503	0.48392	0.67748	0.35842	0.34339	0.4097	0.28163	0.53214	0.51897	0.34854	0.38893	0.35907	0.38379	0.37584	0.42421	0.38115	0.3727	0.33687	0.26005	0.53111	0.46266	0.42704	0.48254	0.26821	0.24277	0.38861	0.29598	0.24569	0.38854	0.16248	0.32157	0.13322	0.49549	0.30744	0.25852	0.53565	0.21694	0.25272	0.1807	0.30979	0.13373	0.21069	0.27326	0.33593	0.11731	0.33052	0.41835	0.58245	0.39903	0.38701	0.19462	0.27985	0.038671	0.2178	0.34013	0.30502	0.43092	0.55624	0.40443	0.37712	0.31887	0.51808
0.88349	0.75869	0.84839	0.52445	0.68265	0.82749	0.66091	0.54552	0.5863	0.7612	0.57653	0.93261	1	0.7727	0.6599	0.66421	0.82192	0.5723	0.42524	0.56959	0.57879	0.50625	0.22158	0.32829	0.76173	0.56186	0.1342	0.048347	0.46981	0.19325	0.35532	0.094768	0.24091	0.38163	0.21011	0.35391	0.54044	0.38593	0.55549	0.76611	0.76591	0.8038	0.6294	0.64314	0.88201	0.80311	0.86622	0.52086	0.27799	0.346	0.45407	0.43333	0.25489	0.34884	0.45504	0.51236	0.15158	0.47105	0.25544	0.70462	0.51882	0.72226	0.36384	0.3371	0.51657	0.26323	0.488	0.55924	0.40188	0.42846	0.44685	0.4184	0.42694	0.4643	0.43386	0.42193	0.41838	0.32603	0.58208	0.48193	0.38789	0.54235	0.32331	0.25323	0.41423	0.31513	0.31142	0.41264	0.18246	0.38935	0.15525	0.46594	0.37298	0.25824	0.5307	0.19172	0.27774	0.17784	0.36773	0.15705	0.25061	0.27498	0.36942	0.12271	0.3153	0.38225	0.5306	0.34789	0.3425	0.16331	0.24873	0.038813	0.17999	0.33133	0.31061	0.4624	0.50148	0.38157	0.3484	0.31798	0.48068
0.56741	0.39352	0.4868	0.25439	0.45552	0.51422	0.32607	0.30736	0.36386	0.57651	0.33916	0.8243	0.7727	1	0.39647	0.3354	0.57693	0.28848	0.23631	0.33103	0.66774	0.30835	0.1019	0.13297	0.85023	0.30101	0.061642	0.16957	0.24514	0.44684	0.16654	0.053479	0.15954	0.1807	0.09437	0.57474	0.25468	0.16879	0.27511	0.45679	0.44607	0.48865	0.30845	0.32877	0.6301	0.48061	0.68373	0.23171	0.17806	0.20039	0.23063	0.22519	0.11677	0.15914	0.20307	0.25929	0.056999	0.22332	0.11944	0.40442	0.27941	0.48285	0.16999	0.16303	0.27459	0.1357	0.31651	0.28076	0.16837	0.20026	0.18727	0.18723	0.17982	0.22627	0.18071	0.18264	0.16273	0.12309	0.31732	0.24736	0.24673	0.26585	0.14563	0.10832	0.19546	0.13434	0.1281	0.20615	0.069688	0.26683	0.056408	0.26221	0.19245	0.14231	0.30146	0.12673	0.11998	0.077143	0.17527	0.059573	0.10183	0.13707	0.16462	0.041966	0.18861	0.35342	0.71581	0.36058	0.49608	0.15717	0.34009	0.0098864	0.174	0.32428	0.13724	0.39372	0.45004	0.34579	0.49247	0.28031	0.4295
0.86122	0.83211	0.80385	0.49626	0.50696	0.84944	0.69805	0.40714	0.5205	0.47625	0.4642	0.46398	0.6599	0.39647	1	0.77739	0.54248	0.52655	0.7783	0.68147	0.31232	0.72306	0.56858	0.6235	0.38783	0.75097	0.38596	0.014778	0.6084	0.048859	0.53378	0.042807	0.13156	0.53739	0.49457	0.10724	0.75282	0.32261	0.5142	0.82249	0.91366	0.72935	0.64194	0.89658	0.74258	0.84147	0.54396	0.58672	0.10864	0.18514	0.33817	0.28864	0.22191	0.31619	0.45539	0.44247	0.13107	0.41077	0.20791	0.56183	0.41426	0.50794	0.26987	0.23066	0.60507	0.16196	0.25218	0.45539	0.39639	0.38263	0.51571	0.37012	0.38935	0.39763	0.41842	0.37935	0.49688	0.39058	0.46013	0.34688	0.22213	0.50507	0.32617	0.22987	0.35798	0.26587	0.43019	0.34397	0.20139	0.40338	0.193	0.2747	0.43074	0.18337	0.36575	0.12308	0.28781	0.14586	0.41015	0.20222	0.30703	0.22538	0.34502	0.11387	0.17969	0.16805	0.2567	0.14432	0.17908	0.065018	0.13811	0.032421	0.069318	0.24008	0.2297	0.32757	0.27491	0.18942	0.23213	0.20517	0.2844
0.85897	0.85814	0.81973	0.59083	0.57342	0.78269	0.76483	0.50086	0.78266	0.60862	0.47455	0.50739	0.66421	0.3354	0.77739	1	0.62228	0.64758	0.72203	0.69849	0.24127	0.76598	0.49662	0.62775	0.3718	0.7766	0.37799	0.012909	0.65928	0.060807	0.59301	0.076498	0.15383	0.62383	0.50911	0.15367	0.62871	0.4225	0.68489	0.77977	0.89905	0.84052	0.68386	0.92316	0.72983	0.85969	0.61147	0.65601	0.19157	0.29081	0.46478	0.40355	0.34889	0.4407	0.55889	0.62538	0.21173	0.58093	0.33394	0.74862	0.61503	0.6804	0.40848	0.35689	0.64317	0.27262	0.39183	0.60047	0.51236	0.53559	0.65977	0.52364	0.52484	0.57189	0.63214	0.53083	0.63202	0.49807	0.59069	0.49421	0.35964	0.71306	0.4919	0.37221	0.52708	0.42211	0.53995	0.56565	0.35177	0.53955	0.3245	0.43443	0.62079	0.36861	0.51987	0.26282	0.44087	0.2653	0.55464	0.34291	0.44943	0.35962	0.51105	0.19545	0.31703	0.30036	0.22624	0.24883	0.13927	0.15618	0.10558	0.062844	0.15865	0.19028	0.36914	0.38758	0.29769	0.30996	0.15673	0.32808	0.27661
0.72501	0.77731	0.86032	0.77699	0.91255	0.83374	0.80618	0.84607	0.63369	0.96333	0.75372	0.8075	0.82192	0.57693	0.54248	0.62228	1	0.83759	0.35104	0.69684	0.60824	0.51675	0.20031	0.38345	0.78161	0.62678	0.12768	0.020359	0.63595	0.15997	0.50103	0.26659	0.5041	0.56262	0.23162	0.30052	0.60528	0.65711	0.81041	0.81833	0.70532	0.89532	0.7912	0.53782	0.79528	0.71419	0.90836	0.66787	0.52725	0.64414	0.74782	0.71774	0.51299	0.62984	0.71324	0.77641	0.37528	0.70806	0.51204	0.89983	0.80599	0.91956	0.62561	0.61621	0.54328	0.52998	0.79432	0.812	0.65661	0.68139	0.62632	0.66188	0.68173	0.71438	0.61263	0.66855	0.58492	0.53314	0.73675	0.71284	0.68368	0.71436	0.5158	0.4703	0.65257	0.52654	0.41956	0.66121	0.30161	0.38565	0.26869	0.7269	0.49172	0.48403	0.76961	0.29393	0.48001	0.37689	0.49243	0.28515	0.43832	0.54301	0.51718	0.28116	0.60966	0.49716	0.534	0.4577	0.44863	0.21899	0.36965	0.10637	0.2691	0.55239	0.56375	0.56625	0.76508	0.52817	0.4563	0.39294	0.73449
0.60921	0.81168	0.80871	0.96621	0.86495	0.77306	0.92985	0.93015	0.56094	0.78549	0.72938	0.5058	0.5723	0.28848	0.52655	0.64758	0.83759	1	0.37169	0.7632	0.34459	0.54207	0.26568	0.5616	0.44992	0.72051	0.18053	0.0047412	0.81533	0.05423	0.70793	0.32487	0.49886	0.77463	0.32676	0.12973	0.71594	0.87839	0.96444	0.8225	0.68965	0.86407	0.93129	0.54591	0.60031	0.63116	0.64834	0.83225	0.511	0.70995	0.88434	0.81807	0.73433	0.879	0.94202	0.94078	0.61586	0.89336	0.73059	0.92258	0.92297	0.82129	0.8014	0.77718	0.56016	0.64212	0.75358	0.93772	0.91463	0.86722	0.84971	0.8697	0.91828	0.872	0.80745	0.87557	0.83068	0.81832	0.74041	0.78141	0.72556	0.8357	0.6335	0.70124	0.83152	0.70971	0.60181	0.81078	0.46426	0.33215	0.44922	0.76145	0.56452	0.56298	0.8222	0.33049	0.71455	0.57607	0.60462	0.4903	0.68948	0.7605	0.65055	0.51389	0.64684	0.3339	0.28985	0.28886	0.27111	0.14762	0.24799	0.23117	0.18392	0.47089	0.74797	0.43572	0.62267	0.37551	0.2971	0.30113	0.60029
0.62885	0.57167	0.55227	0.32077	0.36832	0.60313	0.48302	0.27115	0.58991	0.33045	0.34047	0.26653	0.42524	0.23631	0.7783	0.72203	0.35104	0.37169	1	0.69467	0.20953	0.89618	0.87418	0.7424	0.24145	0.74386	0.75567	0.013417	0.57838	0.034463	0.60733	0.021413	0.073916	0.57497	0.80903	0.081174	0.55794	0.18124	0.36309	0.60242	0.75077	0.56684	0.40451	0.81111	0.56972	0.74066	0.38373	0.35801	0.061111	0.11733	0.21407	0.16969	0.14506	0.21021	0.29744	0.29934	0.089012	0.25426	0.12336	0.40546	0.31412	0.41617	0.16082	0.13748	0.3718	0.095853	0.17789	0.28851	0.25319	0.24754	0.36267	0.2284	0.25637	0.26937	0.26944	0.2466	0.32141	0.26887	0.27916	0.21024	0.14767	0.34186	0.23619	0.13655	0.21866	0.14844	0.268	0.24496	0.11832	0.30702	0.11699	0.15841	0.32567	0.14445	0.21357	0.086709	0.17895	0.085776	0.25447	0.13537	0.20995	0.15279	0.18746	0.062382	0.1394	0.13911	0.15989	0.12288	0.11764	0.052764	0.091065	0.014101	0.059347	0.14062	0.13184	0.25434	0.15836	0.1586	0.12858	0.14747	0.15727
0.65847	0.73635	0.76353	0.68314	0.78183	0.81074	0.77839	0.6852	0.68718	0.65646	0.71133	0.4354	0.56959	0.33103	0.68147	0.69849	0.69684	0.7632	0.69467	1	0.44035	0.87327	0.57669	0.8009	0.46129	0.90034	0.44997	0.01079	0.903	0.063426	0.89272	0.12881	0.32155	0.89553	0.64628	0.13738	0.77169	0.48341	0.69936	0.84589	0.79954	0.83547	0.70877	0.67601	0.70124	0.78739	0.63449	0.58305	0.24868	0.40873	0.55448	0.474	0.40291	0.53927	0.64062	0.62186	0.32357	0.53377	0.35756	0.7304	0.67398	0.76418	0.43029	0.41079	0.44287	0.32205	0.52002	0.61834	0.57585	0.54033	0.61205	0.50841	0.58828	0.56724	0.4753	0.54331	0.5426	0.54689	0.50158	0.47276	0.43855	0.56864	0.42497	0.34187	0.47303	0.34399	0.38333	0.50681	0.2146	0.30175	0.21399	0.41502	0.43111	0.34228	0.48803	0.17523	0.38232	0.25172	0.3837	0.25337	0.41296	0.43174	0.33553	0.20437	0.42942	0.28481	0.31781	0.26356	0.32411	0.099937	0.29022	0.06311	0.13368	0.4381	0.36695	0.44533	0.47599	0.33426	0.32162	0.2308	0.46982
0.39368	0.33837	0.44676	0.29712	0.58068	0.5076	0.3343	0.41782	0.33774	0.56559	0.55927	0.58439	0.57879	0.66774	0.31232	0.24127	0.60824	0.34459	0.20953	0.44035	1	0.31409	0.11171	0.1706	0.8397	0.31662	0.067596	0.056702	0.29851	0.25155	0.23431	0.093482	0.35732	0.26381	0.12076	0.32999	0.32865	0.21274	0.29919	0.4595	0.37039	0.46744	0.32257	0.25225	0.6035	0.45126	0.69399	0.23426	0.23716	0.28688	0.30103	0.29439	0.15186	0.20841	0.25842	0.26037	0.11199	0.21348	0.13055	0.38509	0.31242	0.5292	0.20055	0.20886	0.21816	0.18291	0.4219	0.31216	0.21527	0.22889	0.20081	0.20268	0.23063	0.25	0.15333	0.22249	0.16308	0.16296	0.31235	0.27713	0.28783	0.23079	0.16871	0.10778	0.1919	0.12949	0.10478	0.20033	0.051227	0.15904	0.045011	0.26808	0.1542	0.15037	0.28968	0.066492	0.11111	0.080046	0.1426	0.049538	0.10532	0.16192	0.1249	0.052829	0.28779	0.33117	0.69188	0.35869	0.73474	0.098722	0.60278	0.013662	0.14899	0.56909	0.16114	0.44278	0.56759	0.37598	0.61258	0.18566	0.62258
0.65424	0.63541	0.63875	0.45753	0.55058	0.68865	0.59676	0.4313	0.76115	0.51458	0.46812	0.35963	0.50625	0.30835	0.72306	0.76598	0.51675	0.54207	0.89618	0.87327	0.31409	1	0.7308	0.77239	0.36836	0.87537	0.65189	0.018201	0.75737	0.066122	0.77562	0.055063	0.15304	0.7618	0.78795	0.14545	0.58725	0.28896	0.52944	0.70683	0.78681	0.72494	0.51984	0.75944	0.6552	0.79564	0.53455	0.44687	0.13968	0.23992	0.35665	0.2928	0.26056	0.34919	0.43089	0.45832	0.17122	0.38277	0.22676	0.5736	0.50046	0.62328	0.27482	0.24934	0.41913	0.18927	0.33846	0.43431	0.37536	0.38133	0.46917	0.34975	0.38116	0.41778	0.3802	0.37363	0.41045	0.37163	0.39491	0.3328	0.292	0.47271	0.34866	0.2302	0.34123	0.23453	0.32578	0.39605	0.17344	0.35918	0.16836	0.27579	0.42012	0.27029	0.34287	0.16555	0.27906	0.16209	0.33107	0.20128	0.30776	0.28268	0.26101	0.11338	0.28446	0.25204	0.26094	0.22902	0.2127	0.10555	0.17055	0.027072	0.12679	0.24743	0.22821	0.36703	0.28737	0.28533	0.21732	0.23477	0.28136
0.38963	0.39281	0.36125	0.23625	0.24518	0.40788	0.35475	0.18718	0.36658	0.18127	0.24385	0.12237	0.22158	0.1019	0.56858	0.49662	0.20031	0.26568	0.87418	0.57669	0.11171	0.7308	1	0.78019	0.11231	0.59967	0.90453	0.0036849	0.50011	0.010249	0.59312	0.012911	0.046757	0.52443	0.89635	0.027229	0.48316	0.12379	0.2453	0.42953	0.53501	0.36899	0.28518	0.58762	0.33556	0.48899	0.19986	0.2465	0.029798	0.068476	0.13829	0.10277	0.099192	0.15096	0.21892	0.19767	0.070389	0.16608	0.080797	0.25897	0.20687	0.25129	0.10134	0.086048	0.22127	0.057669	0.10081	0.18481	0.18719	0.16413	0.27158	0.15219	0.18776	0.17301	0.17046	0.16699	0.23724	0.2186	0.15506	0.12106	0.083472	0.21415	0.14834	0.091297	0.13774	0.091768	0.19078	0.15243	0.075335	0.16033	0.081827	0.086441	0.2067	0.083833	0.12249	0.04244	0.12343	0.055336	0.15867	0.1003	0.16051	0.10533	0.11081	0.046295	0.081952	0.061506	0.070344	0.054743	0.065476	0.018877	0.056822	0.01092	0.023025	0.094315	0.082457	0.14778	0.090846	0.076016	0.071826	0.065933	0.091069
0.49087	0.61333	0.56649	0.51273	0.44811	0.58625	0.63541	0.42349	0.47299	0.337	0.44149	0.20552	0.32829	0.13297	0.6235	0.62775	0.38345	0.5616	0.7424	0.8009	0.1706	0.77239	0.78019	1	0.18303	0.83942	0.65505	0.0025551	0.81539	0.014315	0.89441	0.054118	0.13667	0.82492	0.81615	0.039797	0.71786	0.34748	0.50932	0.64818	0.67494	0.58115	0.5722	0.64292	0.43644	0.60871	0.32453	0.47576	0.10366	0.20838	0.34178	0.27284	0.27263	0.38612	0.4901	0.43582	0.22906	0.38347	0.23999	0.48378	0.44451	0.44201	0.27423	0.2454	0.32814	0.17038	0.2529	0.41514	0.4512	0.37469	0.51821	0.36597	0.45044	0.3844	0.39384	0.39757	0.4881	0.4791	0.30845	0.28262	0.22084	0.41143	0.31058	0.24906	0.32771	0.24485	0.33887	0.34058	0.17624	0.19248	0.18555	0.22324	0.3193	0.19511	0.28313	0.10376	0.29572	0.16871	0.28353	0.22499	0.34588	0.28375	0.24704	0.15946	0.21414	0.11137	0.11766	0.090637	0.10572	0.035977	0.094564	0.053146	0.044694	0.18518	0.23805	0.20578	0.20436	0.13212	0.11782	0.10691	0.19571
0.54899	0.46362	0.57666	0.39109	0.65138	0.59915	0.43814	0.49821	0.47887	0.78719	0.51987	0.82064	0.76173	0.85023	0.38783	0.3718	0.78161	0.44992	0.24145	0.46129	0.8397	0.36836	0.11231	0.18303	1	0.38705	0.071452	0.083038	0.35742	0.39476	0.25724	0.13629	0.35168	0.29354	0.12514	0.52929	0.33385	0.29664	0.42925	0.55027	0.4801	0.61301	0.42438	0.33786	0.70281	0.53813	0.85612	0.32606	0.33799	0.37825	0.39492	0.38831	0.22869	0.28702	0.33587	0.39996	0.14031	0.33922	0.22285	0.55395	0.45248	0.68841	0.29436	0.29762	0.32843	0.26625	0.54377	0.4341	0.28801	0.32996	0.28094	0.30349	0.30388	0.36512	0.27393	0.30951	0.24363	0.21167	0.45035	0.39406	0.42538	0.37112	0.26075	0.18958	0.31098	0.22604	0.17534	0.33586	0.11089	0.29487	0.091643	0.41746	0.27033	0.26554	0.44394	0.17304	0.19648	0.14823	0.24375	0.099217	0.1716	0.25149	0.23571	0.087957	0.38135	0.51416	0.80449	0.50889	0.64193	0.21994	0.48059	0.02414	0.27236	0.52227	0.2497	0.5197	0.67992	0.5239	0.62071	0.35799	0.66036
0.6967	0.77308	0.76173	0.62371	0.62147	0.76246	0.76188	0.55734	0.66948	0.57949	0.51269	0.41815	0.56186	0.30101	0.75097	0.7766	0.62678	0.72051	0.74386	0.90034	0.31662	0.87537	0.59967	0.83942	0.38705	1	0.48278	0.010782	0.89557	0.053064	0.86361	0.088183	0.20503	0.80957	0.63186	0.1235	0.70263	0.45577	0.67259	0.79827	0.81638	0.79	0.70239	0.73049	0.63288	0.78311	0.55574	0.57484	0.20621	0.33988	0.47455	0.39776	0.34716	0.47972	0.58094	0.59551	0.25125	0.51778	0.33542	0.67125	0.60009	0.65423	0.38251	0.34946	0.44112	0.25075	0.42466	0.57254	0.52834	0.48676	0.56624	0.47406	0.52605	0.51712	0.53313	0.49728	0.54725	0.48653	0.45876	0.41575	0.37276	0.56488	0.39445	0.32709	0.45269	0.32525	0.38358	0.47873	0.2233	0.2832	0.21244	0.35994	0.40638	0.28762	0.43632	0.20464	0.37155	0.23225	0.36305	0.24896	0.37783	0.38192	0.33986	0.18427	0.32977	0.21058	0.28529	0.1746	0.21066	0.082632	0.1677	0.05529	0.098369	0.28515	0.32423	0.28533	0.35583	0.23078	0.23847	0.19233	0.33922
0.25005	0.25131	0.22691	0.15035	0.16002	0.26094	0.22831	0.11973	0.32316	0.12432	0.15184	0.070603	0.1342	0.061642	0.38596	0.37799	0.12768	0.18053	0.75567	0.44997	0.067596	0.65189	0.90453	0.65505	0.071452	0.48278	1	0.003092	0.40318	0.0079285	0.50919	0.0076925	0.026967	0.44377	0.90668	0.020962	0.29919	0.077382	0.17118	0.28516	0.37368	0.25894	0.18108	0.42172	0.22005	0.34853	0.13295	0.15414	0.019431	0.046552	0.089236	0.064476	0.072289	0.105	0.1421	0.13759	0.049053	0.10954	0.057143	0.17699	0.15354	0.18566	0.065556	0.055734	0.14134	0.037113	0.06978	0.11963	0.12153	0.10992	0.18245	0.099385	0.12114	0.12007	0.12077	0.11108	0.15481	0.14457	0.09932	0.077781	0.060364	0.14659	0.11259	0.062922	0.092659	0.060052	0.12599	0.11395	0.052657	0.12478	0.056988	0.055126	0.15616	0.069704	0.078107	0.038495	0.086522	0.039291	0.10734	0.075659	0.11476	0.077969	0.070655	0.03009	0.06316	0.050563	0.048724	0.043378	0.04206	0.017736	0.035169	0.0060189	0.020745	0.057767	0.053468	0.10284	0.056371	0.060981	0.045428	0.054745	0.053166
0.026468	0.0088373	0.013155	0.0031733	0.012912	0.015684	0.0054401	0.0050907	0.024632	0.026166	0.0064269	0.061767	0.048347	0.16957	0.014778	0.012909	0.020359	0.0047412	0.013417	0.01079	0.056702	0.018201	0.0036849	0.0025551	0.083038	0.010782	0.003092	1	0.0061807	0.43569	0.0036906	0.00037616	0.0018264	0.0035059	0.0031128	0.30535	0.0033629	0.0015163	0.0045817	0.012623	0.016266	0.01706	0.0045576	0.011543	0.031577	0.021976	0.038599	0.0026273	0.0042667	0.0039528	0.0031681	0.0030634	0.0011989	0.0017215	0.0020583	0.0044214	0.00028168	0.0030461	0.0012558	0.01043	0.0059631	0.019677	0.0019687	0.0018892	0.0053671	0.0015427	0.0095857	0.0043996	0.0015024	0.0024786	0.00205	0.0021027	0.0017404	0.0035139	0.002526	0.0020059	0.0014988	0.00086305	0.0063074	0.0039517	0.0067713	0.0049891	0.0019082	0.001027	0.0026166	0.0012587	0.0012426	0.003863	0.0005658	0.013302	0.00037925	0.0050347	0.0038103	0.0032202	0.0059991	0.0076436	0.0012173	0.00069562	0.0024844	0.00047692	0.00084494	0.0018863	0.0019324	0.00017826	0.0045317	0.03416	0.13153	0.038357	0.052992	0.022561	0.024177	1.4945e-05	0.020427	0.0093974	0.0013163	0.018069	0.016252	0.025406	0.04066	0.020657	0.012769
0.58085	0.72729	0.70426	0.75822	0.70936	0.72089	0.81045	0.70094	0.56072	0.59906	0.59799	0.3622	0.46981	0.24514	0.6084	0.65928	0.63595	0.81533	0.57838	0.903	0.29851	0.75737	0.50011	0.81539	0.35742	0.89557	0.40318	0.0061807	1	0.045861	0.94422	0.15199	0.28973	0.89699	0.57513	0.10256	0.72482	0.58017	0.73372	0.80828	0.74065	0.78252	0.7623	0.58333	0.52801	0.64134	0.49994	0.59424	0.26105	0.4438	0.57109	0.48511	0.48458	0.62901	0.68779	0.69718	0.37986	0.61301	0.47069	0.73346	0.72219	0.68413	0.48064	0.45676	0.38754	0.34328	0.50389	0.64572	0.65165	0.57447	0.65157	0.57175	0.6534	0.59426	0.57242	0.58406	0.6123	0.60545	0.45669	0.46	0.48001	0.58928	0.41562	0.44589	0.53943	0.41476	0.42103	0.5653	0.26872	0.25716	0.27292	0.44023	0.41574	0.36686	0.51777	0.25503	0.48364	0.33766	0.3973	0.3426	0.49513	0.54599	0.38807	0.29029	0.4216	0.238	0.26661	0.1968	0.25185	0.09054	0.22776	0.10336	0.10972	0.39994	0.42756	0.33828	0.46907	0.26272	0.28375	0.2123	0.40821
0.10147	0.055571	0.079028	0.041139	0.11398	0.08451	0.04741	0.067752	0.12252	0.20723	0.061524	0.27914	0.19325	0.44684	0.048859	0.060807	0.15997	0.05423	0.034463	0.063426	0.25155	0.066122	0.010249	0.014315	0.39476	0.053064	0.0079285	0.43569	0.045861	1	0.027269	0.019438	0.044502	0.030562	0.012315	0.83639	0.023692	0.028462	0.054174	0.075254	0.07176	0.1088	0.04398	0.04348	0.13492	0.087894	0.21834	0.028384	0.086081	0.072948	0.050179	0.051971	0.027432	0.031385	0.030222	0.057361	0.010154	0.04326	0.02951	0.096524	0.076022	0.15639	0.036858	0.039094	0.038149	0.038595	0.12794	0.055931	0.024972	0.03799	0.025509	0.033709	0.028259	0.048701	0.033166	0.031721	0.01973	0.014623	0.065405	0.055364	0.10467	0.05262	0.02866	0.022466	0.040569	0.02568	0.015137	0.055772	0.011506	0.074887	0.0081952	0.07913	0.03866	0.059003	0.078617	0.086562	0.022502	0.019398	0.029491	0.010054	0.015695	0.038124	0.02869	0.0066905	0.081805	0.289	0.47875	0.30643	0.28358	0.20337	0.1696	0.0011226	0.21004	0.10143	0.029366	0.13801	0.18038	0.23039	0.2274	0.1655	0.13801
0.47337	0.60943	0.58597	0.64382	0.60366	0.60708	0.69486	0.59031	0.52764	0.46923	0.531	0.25541	0.35532	0.16654	0.53378	0.59301	0.50103	0.70793	0.60733	0.89272	0.23431	0.77562	0.59312	0.89441	0.25724	0.86361	0.50919	0.0036906	0.94422	0.027269	1	0.11808	0.24365	0.93248	0.69875	0.067144	0.673	0.47558	0.63594	0.68786	0.64331	0.66522	0.63895	0.54164	0.4487	0.57914	0.39816	0.51375	0.20089	0.36249	0.48987	0.40312	0.41056	0.55121	0.60999	0.58441	0.35767	0.50481	0.37986	0.60718	0.61548	0.58384	0.40127	0.38073	0.32513	0.28292	0.41551	0.54157	0.57168	0.4956	0.58359	0.48281	0.57455	0.51206	0.47212	0.50857	0.53783	0.56315	0.37664	0.38306	0.38243	0.49722	0.36973	0.36356	0.44231	0.3278	0.36383	0.4732	0.22011	0.20289	0.23076	0.3387	0.35812	0.3077	0.40204	0.17838	0.40139	0.27301	0.32615	0.29159	0.43937	0.45845	0.29877	0.24435	0.36368	0.17696	0.17718	0.15363	0.18711	0.06326	0.17604	0.083446	0.083506	0.31069	0.34749	0.27689	0.33752	0.20885	0.19566	0.15087	0.31049
0.074093	0.12883	0.14064	0.34776	0.29768	0.12226	0.20863	0.42556	0.092808	0.28378	0.21729	0.1226	0.094768	0.053479	0.042807	0.076498	0.26659	0.32487	0.021413	0.12881	0.093482	0.055063	0.012911	0.054118	0.13629	0.088183	0.0076925	0.00037616	0.15199	0.019438	0.11808	1	0.64821	0.15817	0.022991	0.039505	0.10451	0.4222	0.32852	0.13872	0.081581	0.1745	0.22543	0.046802	0.091308	0.070424	0.15885	0.21166	0.51054	0.53839	0.46197	0.47195	0.4798	0.44298	0.35492	0.37259	0.55655	0.37207	0.52594	0.29141	0.37933	0.25427	0.46477	0.53547	0.10666	0.63896	0.45155	0.35994	0.36856	0.38151	0.24259	0.38579	0.37106	0.36096	0.25257	0.35567	0.23245	0.29633	0.24567	0.35385	0.48862	0.25705	0.23652	0.42582	0.37627	0.38649	0.16385	0.36635	0.23663	0.066141	0.22372	0.46038	0.16967	0.38631	0.39181	0.16228	0.35461	0.48885	0.18938	0.23821	0.31224	0.49862	0.25994	0.45231	0.48357	0.17278	0.069285	0.16975	0.1167	0.089823	0.14291	0.34036	0.14083	0.27759	0.48081	0.16257	0.39901	0.20274	0.1207	0.12392	0.38028
0.18014	0.26361	0.30931	0.50023	0.5817	0.31044	0.36987	0.65792	0.19813	0.47702	0.55949	0.26484	0.24091	0.15954	0.13156	0.15383	0.5041	0.49886	0.073916	0.32155	0.35732	0.15304	0.046757	0.13667	0.35168	0.20503	0.026967	0.0018264	0.28973	0.044502	0.24365	0.64821	1	0.31804	0.071446	0.082797	0.27755	0.51273	0.46981	0.32365	0.20172	0.35727	0.3948	0.12772	0.27451	0.21152	0.38861	0.35778	0.55285	0.6528	0.63752	0.64323	0.49008	0.5362	0.51939	0.45918	0.56	0.43462	0.44229	0.44282	0.50021	0.46844	0.53437	0.59811	0.21845	0.63769	0.64	0.52493	0.49703	0.50112	0.36581	0.47076	0.50855	0.48855	0.29242	0.48945	0.32432	0.41738	0.42457	0.51659	0.55883	0.35528	0.33544	0.37055	0.43134	0.37956	0.21555	0.40926	0.18702	0.11843	0.18064	0.53686	0.23217	0.37119	0.49934	0.11197	0.3318	0.35675	0.25563	0.18806	0.32288	0.47428	0.27796	0.32866	0.61593	0.27456	0.19632	0.28841	0.3281	0.098672	0.37816	0.17457	0.174	0.58858	0.49547	0.36049	0.62137	0.34903	0.29747	0.16808	0.71064
0.4821	0.64162	0.62043	0.70445	0.6767	0.65445	0.73533	0.67006	0.6058	0.54252	0.63224	0.27677	0.38163	0.1807	0.53739	0.62383	0.56262	0.77463	0.57497	0.89553	0.26381	0.7618	0.52443	0.82492	0.29354	0.80957	0.44377	0.0035059	0.89699	0.030562	0.93248	0.15817	0.31804	1	0.6791	0.077972	0.69697	0.5448	0.74532	0.72334	0.66095	0.72892	0.70004	0.57554	0.51853	0.62462	0.47868	0.62714	0.25199	0.43349	0.59924	0.51136	0.54405	0.65305	0.71748	0.67074	0.46933	0.59359	0.46235	0.68623	0.71928	0.67475	0.50477	0.48119	0.44526	0.39317	0.49053	0.64237	0.6721	0.62791	0.70635	0.59182	0.66639	0.64412	0.55269	0.63684	0.63618	0.68899	0.50715	0.50905	0.46307	0.61036	0.54532	0.45352	0.55388	0.43909	0.47854	0.59773	0.31166	0.30147	0.32279	0.4339	0.50516	0.4396	0.50134	0.2034	0.50439	0.35802	0.45648	0.386	0.56789	0.54185	0.40054	0.3139	0.48668	0.2531	0.19235	0.221	0.2035	0.10116	0.19351	0.10935	0.13348	0.35488	0.45768	0.38986	0.39001	0.30817	0.21274	0.2353	0.394
0.3475	0.38772	0.35835	0.28055	0.29214	0.40609	0.37874	0.2381	0.46459	0.2238	0.29337	0.11936	0.21011	0.09437	0.49457	0.50911	0.23162	0.32676	0.80903	0.64628	0.12076	0.78795	0.89635	0.81615	0.12514	0.63186	0.90668	0.0031128	0.57513	0.012315	0.69875	0.022991	0.071446	0.6791	1	0.03322	0.46697	0.16462	0.31733	0.4406	0.51389	0.4134	0.32024	0.55311	0.34596	0.49648	0.23427	0.29043	0.049308	0.10696	0.19236	0.14747	0.16238	0.21835	0.28137	0.25887	0.12279	0.21458	0.12522	0.31045	0.28817	0.32436	0.14698	0.1294	0.25502	0.093742	0.14724	0.23768	0.24644	0.22819	0.33828	0.20554	0.24496	0.24303	0.224	0.23163	0.28837	0.28915	0.20434	0.17096	0.12931	0.27071	0.23569	0.13525	0.19053	0.13382	0.23528	0.22427	0.11129	0.20604	0.11972	0.12272	0.28075	0.14961	0.16246	0.066695	0.17551	0.091111	0.20947	0.1501	0.22892	0.16257	0.14522	0.074101	0.14359	0.10004	0.079688	0.087754	0.075951	0.036341	0.067257	0.017743	0.045219	0.117	0.125	0.19717	0.11441	0.12496	0.079512	0.10451	0.11569
0.21022	0.13053	0.17146	0.099186	0.22659	0.17609	0.11369	0.14716	0.26761	0.37261	0.12987	0.46519	0.35391	0.57474	0.10724	0.15367	0.30052	0.12973	0.081174	0.13738	0.32999	0.14545	0.027229	0.039797	0.52929	0.1235	0.020962	0.30535	0.10256	0.83639	0.067144	0.039505	0.082797	0.077972	0.03322	1	0.057446	0.073458	0.13585	0.15928	0.1575	0.23427	0.10791	0.11142	0.26572	0.19635	0.39519	0.080076	0.18555	0.16371	0.12667	0.1302	0.073747	0.082779	0.080869	0.14026	0.029974	0.1132	0.074954	0.21305	0.17322	0.30821	0.10072	0.10262	0.10291	0.098861	0.26356	0.14097	0.069421	0.10375	0.073589	0.093452	0.077615	0.12951	0.094116	0.090178	0.059686	0.045095	0.16626	0.14537	0.22306	0.14222	0.081622	0.063637	0.10944	0.072986	0.047873	0.14367	0.038065	0.16516	0.028052	0.18602	0.10183	0.14247	0.18579	0.18304	0.064542	0.054971	0.083214	0.031969	0.047071	0.094334	0.081634	0.021902	0.183	0.46154	0.56563	0.47225	0.31389	0.34655	0.19266	0.004217	0.36484	0.13824	0.081852	0.23848	0.26808	0.388	0.24396	0.29212	0.232
0.67777	0.83867	0.82069	0.73165	0.67107	0.85603	0.85695	0.63996	0.42538	0.49873	0.72958	0.38434	0.54044	0.25468	0.75282	0.62871	0.60528	0.71594	0.55794	0.77169	0.32865	0.58725	0.48316	0.71786	0.33385	0.70263	0.29919	0.0033629	0.72482	0.023692	0.673	0.10451	0.27755	0.69697	0.46697	0.057446	1	0.53584	0.64496	0.87473	0.80339	0.74054	0.80874	0.70206	0.64731	0.71545	0.51099	0.71362	0.17182	0.30038	0.51287	0.44902	0.35935	0.50518	0.68793	0.56643	0.30732	0.53816	0.32297	0.65331	0.54717	0.56573	0.41389	0.37793	0.52734	0.27653	0.35904	0.60689	0.63087	0.53211	0.69248	0.52618	0.63343	0.51965	0.48097	0.55645	0.65614	0.63713	0.50685	0.45573	0.30382	0.54902	0.3952	0.33896	0.46562	0.37978	0.48118	0.41903	0.23945	0.26836	0.24992	0.3731	0.40743	0.23145	0.46076	0.10025	0.38731	0.22866	0.43453	0.26685	0.43663	0.34951	0.39658	0.23186	0.27527	0.1593	0.19459	0.14053	0.20237	0.046772	0.19161	0.095121	0.05946	0.37136	0.37206	0.36714	0.37689	0.19525	0.23391	0.15665	0.3888
0.39479	0.61882	0.59573	0.90075	0.68058	0.54748	0.76403	0.84503	0.3323	0.59784	0.57975	0.36137	0.38593	0.16879	0.32261	0.4225	0.65711	0.87839	0.18124	0.48341	0.21274	0.28896	0.12379	0.34748	0.29664	0.45577	0.077382	0.0015163	0.58017	0.028462	0.47558	0.4222	0.51273	0.5448	0.16462	0.073458	0.53584	1	0.85449	0.59465	0.44567	0.6318	0.82298	0.33691	0.37732	0.39218	0.45021	0.78315	0.58881	0.76016	0.89726	0.87705	0.81413	0.92752	0.91987	0.88464	0.74386	0.9002	0.85124	0.75188	0.81703	0.60618	0.89679	0.88303	0.4625	0.72121	0.69041	0.90518	0.95033	0.87559	0.7942	0.91426	0.93969	0.85011	0.81689	0.90305	0.82351	0.8318	0.68824	0.7971	0.72811	0.76049	0.58249	0.82139	0.87058	0.81925	0.59193	0.778	0.52837	0.22917	0.51867	0.80264	0.45367	0.53073	0.82567	0.32123	0.778	0.71639	0.58393	0.54237	0.71019	0.8181	0.70013	0.72565	0.61183	0.2405	0.18754	0.19973	0.17821	0.11607	0.17259	0.41876	0.14271	0.38717	0.88021	0.3066	0.5219	0.26965	0.20556	0.22514	0.49941
0.60215	0.798	0.78227	0.92176	0.8081	0.73827	0.89094	0.8702	0.61216	0.7889	0.66851	0.49155	0.55549	0.27511	0.5142	0.68489	0.81041	0.96444	0.36309	0.69936	0.29919	0.52944	0.2453	0.50932	0.42925	0.67259	0.17118	0.0045817	0.73372	0.054174	0.63594	0.32852	0.46981	0.74532	0.31733	0.13585	0.64496	0.85449	1	0.77389	0.67278	0.85567	0.90028	0.5696	0.60655	0.63089	0.65837	0.8846	0.51661	0.69333	0.89948	0.83935	0.79018	0.88574	0.94478	0.96892	0.628	0.93615	0.77019	0.93007	0.94137	0.826	0.8437	0.80719	0.66634	0.69815	0.73898	0.95895	0.91545	0.93089	0.89629	0.91816	0.90739	0.94005	0.8851	0.92263	0.87973	0.84331	0.83553	0.85705	0.7403	0.92642	0.7687	0.7651	0.90584	0.79941	0.70424	0.90248	0.59023	0.43415	0.55814	0.81059	0.70326	0.67296	0.86761	0.37974	0.79489	0.64703	0.728	0.58406	0.77356	0.77716	0.76293	0.54866	0.68543	0.38103	0.25986	0.32847	0.22391	0.19847	0.19949	0.24142	0.238	0.3998	0.80502	0.46671	0.56221	0.4299	0.25228	0.38288	0.5661
