Isocortex_FRP	Isocortex_MO	Isocortex_ORB	Isocortex_PTLp	Isocortex_RSPd	Isocortex_RSPv	Isocortex_SS	Isocortex_VIS	OlfactoryAreas_AOBgl	OlfactoryAreas_AOBgr	OlfactoryAreas_AOBmi	OlfactoryAreas_AON1	OlfactoryAreas_AON2	OlfactoryAreas_MOBgl	OlfactoryAreas_MOBgr	OlfactoryAreas_MOBipl	OlfactoryAreas_MOBmi	OlfactoryAreas_MOBopl	OlfactoryAreas_PIR1	OlfactoryAreas_PIR2	OlfactoryAreas_PIR3	Hippocampus_CA1slm	Hippocampus_CA1so	Hippocampus_CA1sp	Hippocampus_CA1sr	Hippocampus_CA2slm	Hippocampus_CA2so	Hippocampus_CA2sp	Hippocampus_CA2sr	Hippocampus_CA3slm	Hippocampus_CA3slu	Hippocampus_CA3so	Hippocampus_CA3sp	Hippocampus_CA3sr	Hippocampus_DGgrInf	Hippocampus_DGgrSup	Hippocampus_DGmoInf	Hippocampus_DGmoSup	Hippocampus_DGpo	Hippocampus_SUB	CorticalSubplate_CLA	CorticalSubplate_EPd	Striatum_ACBc	Striatum_ACBsh	Striatum_CP	Striatum_FS	Striatum_OT1	Striatum_OT2	Striatum_OT3	Striatum_isl	Pallidum_BST	Pallidum_GPi	Pallidum_MA	Pallidum_NDB	Pallidum_SI	Thalamus_AV	Thalamus_LD	Thalamus_LP	Thalamus_PO	Thalamus_RT	Thalamus_SPFp	Thalamus_VAL	Thalamus_VM	Thalamus_VPL	Thalamus_VPM	Hypothalamus_LHA	Hypothalamus_LPO	Hypothalamus_PSTN	Hypothalamus_SO	Hypothalamus_STN	Hypothalamus_ZI	Midbrain_APN	Midbrain_CUN	Midbrain_IC	Midbrain_MEV	Midbrain_MRN	Midbrain_NOT	Midbrain_PPN	Midbrain_PPT	Midbrain_RR	Midbrain_SCm	Midbrain_SCs	Midbrain_SNc	Midbrain_SNr	Pons_NLL	Pons_PB	Pons_PG	Pons_PRNc	Pons_PRNr	Pons_SOC	Pons_SUT	Pons_V	Medulla_AMB	Medulla_CU	Medulla_IRN	Medulla_LAV	Medulla_LI	Medulla_LRN	Medulla_MDRN	Medulla_MV	Medulla_PARN	Medulla_PGRNl	Medulla_SOL	Medulla_SPIV	Medulla_SPVC	Medulla_SPVI	Medulla_SUV	Medulla_VII	Cerebellum_ANcr1gr	Cerebellum_ANcr1mo	Cerebellum_ANcr2gr	Cerebellum_ANcr2mo	Cerebellum_CENT2gr	Cerebellum_CENT2mo	Cerebellum_CENT3gr	Cerebellum_CENT3mo	Cerebellum_CUL4,5gr	Cerebellum_CUL4,5mo	Cerebellum_DECgr	Cerebellum_DECmo	Cerebellum_FN	Cerebellum_FOTUgr	Cerebellum_FOTUmo	Cerebellum_IP	Cerebellum_NODgr	Cerebellum_NODmo	Cerebellum_PYRgr	Cerebellum_PYRmo	Cerebellum_SIMgr	Cerebellum_SIMmo	Cerebellum_UVUgr	Cerebellum_UVUmo
1	0.90075	0.87767	0.83784	0.81562	0.66472	0.82358	0.85502	0.07731	0.10885	0.15728	0.25254	0.56032	0.049791	0.09881	0.14566	0.072012	0.28454	0.41914	0.43643	0.264	0.35464	0.50283	0.086793	0.40137	0.27574	0.24941	0.026702	0.26961	0.22376	0.0049353	0.22216	0.0088253	0.20446	0.0096017	0.0034416	0.093854	0.10149	0.027705	0.59537	0.39204	0.30151	0.46974	0.54482	0.58996	0.31101	0.60414	0.44409	0.5472	0.15674	0.030833	0.042411	0.036159	0.069411	0.050851	0.083413	0.10551	0.12322	0.098569	0.0072155	0.013535	0.032033	0.021938	0.046405	0.069042	0.054167	0.049616	0.068556	0.018016	0.040115	0.016522	0.012832	0.017967	0.10498	0.0089595	0.011172	0.02876	0.0062356	0.025151	0.0096522	0.038689	0.071836	0.012164	0.044129	0.013698	0.045911	0.049324	0.010764	0.012937	0.0094863	0.042213	0.021082	0.0061579	0.090446	0.018541	0.01128	0.093703	0.034323	0.010779	0.010022	0.042004	0.010455	0.074882	0.046156	0.060998	0.064235	0.026019	0.010846	0.028658	0.055841	0.033604	0.043289	0.13254	0.072707	0.10823	0.091787	0.088622	0.10431	0.14172	0.12419	0.012913	0.075191	0.09133	0.01889	0.051481	0.044242	0.066894	0.099321	0.047464	0.063139	0.067699	0.05032
0.90075	1	0.95257	0.97658	0.89333	0.79781	0.98022	0.92239	0.062331	0.18208	0.24274	0.33309	0.60918	0.094799	0.16078	0.22728	0.12687	0.3747	0.50483	0.55871	0.34565	0.49621	0.51961	0.17487	0.38837	0.33956	0.30023	0.06242	0.31302	0.27754	0.0088536	0.3018	0.018327	0.2661	0.022844	0.00862	0.1028	0.11835	0.050611	0.70233	0.50716	0.39252	0.66339	0.74403	0.69728	0.48067	0.75448	0.64827	0.73084	0.27473	0.056803	0.074806	0.079437	0.12816	0.10676	0.11298	0.13141	0.15298	0.11818	0.010849	0.020267	0.057159	0.04157	0.057617	0.092545	0.098536	0.093657	0.092667	0.034169	0.081	0.028173	0.021078	0.028727	0.17207	0.011835	0.017612	0.047572	0.01025	0.038344	0.01561	0.062404	0.1155	0.021402	0.088304	0.02479	0.067728	0.062912	0.018554	0.02185	0.016776	0.070984	0.037619	0.013956	0.14378	0.031443	0.024203	0.15026	0.05971	0.013081	0.019175	0.070305	0.017954	0.13251	0.080789	0.097316	0.098696	0.045995	0.019247	0.046795	0.096525	0.055786	0.072198	0.1935	0.11412	0.16199	0.14693	0.13538	0.1771	0.20996	0.20433	0.024207	0.1175	0.15113	0.034625	0.081779	0.075447	0.10599	0.16095	0.077416	0.10741	0.10367	0.079688
0.87767	0.95257	1	0.91115	0.92954	0.90451	0.90251	0.95183	0.092869	0.24886	0.3462	0.44222	0.75525	0.13373	0.22574	0.29179	0.15315	0.50809	0.66583	0.69646	0.48557	0.45516	0.44502	0.16652	0.2897	0.39635	0.34977	0.07459	0.34504	0.29819	0.0067637	0.37079	0.017733	0.27479	0.025685	0.0089816	0.078679	0.093932	0.048715	0.8193	0.65067	0.53396	0.675	0.75289	0.8318	0.56423	0.84826	0.68026	0.79124	0.31488	0.090051	0.11587	0.11214	0.18647	0.14594	0.18329	0.20607	0.23847	0.18505	0.021722	0.036722	0.088006	0.068055	0.10053	0.14527	0.14859	0.13843	0.1422	0.053076	0.12126	0.047218	0.0364	0.048336	0.24173	0.019334	0.031064	0.078554	0.017888	0.063729	0.028435	0.10193	0.17771	0.037608	0.12413	0.038572	0.10684	0.099765	0.03151	0.037166	0.028323	0.11313	0.060232	0.022006	0.21056	0.052351	0.038031	0.21236	0.098572	0.021736	0.031872	0.11026	0.030539	0.18734	0.12538	0.15411	0.15083	0.075085	0.03229	0.047596	0.13197	0.057575	0.10622	0.191	0.17878	0.15779	0.21606	0.13032	0.24484	0.19269	0.28351	0.04187	0.11457	0.21255	0.060279	0.082478	0.12109	0.10695	0.22537	0.080451	0.15403	0.12276	0.12998
0.83784	0.97658	0.91115	1	0.9064	0.7708	0.99286	0.92585	0.047961	0.16109	0.23303	0.33334	0.58091	0.10141	0.13982	0.19965	0.11096	0.35725	0.46946	0.5369	0.3308	0.54453	0.57194	0.18677	0.41847	0.36689	0.32576	0.062899	0.32744	0.30279	0.0076382	0.30971	0.01591	0.28445	0.021755	0.0084453	0.11588	0.13572	0.042868	0.69399	0.50372	0.37355	0.70182	0.79027	0.69442	0.50626	0.77678	0.67708	0.76096	0.25804	0.050238	0.064601	0.082863	0.12377	0.10302	0.1066	0.13281	0.15223	0.12351	0.0092298	0.016756	0.062373	0.0454	0.057539	0.098647	0.090006	0.086235	0.07607	0.030002	0.083479	0.023244	0.017476	0.023862	0.15172	0.0088683	0.014109	0.042214	0.0081246	0.031326	0.013032	0.053565	0.10464	0.018244	0.080439	0.020429	0.055899	0.051811	0.015318	0.018025	0.013939	0.061649	0.032769	0.012738	0.12981	0.026749	0.022356	0.13562	0.05705	0.0097007	0.016831	0.061224	0.01494	0.12093	0.073192	0.088242	0.085835	0.04106	0.01627	0.055815	0.10839	0.066632	0.081895	0.20113	0.11559	0.17244	0.15171	0.14962	0.18631	0.22127	0.20979	0.021942	0.13443	0.16512	0.031597	0.091024	0.081704	0.12164	0.1731	0.087945	0.11359	0.11728	0.084579
0.81562	0.89333	0.92954	0.9064	1	0.84107	0.87465	0.99253	0.086432	0.17409	0.30156	0.44515	0.76955	0.14446	0.15326	0.19891	0.094953	0.5013	0.6023	0.66313	0.48083	0.4121	0.4919	0.13069	0.30483	0.46837	0.44028	0.056033	0.40071	0.30819	0.0027499	0.3335	0.0079424	0.25561	0.017243	0.0060052	0.098663	0.11724	0.024484	0.85124	0.6763	0.53136	0.64191	0.75748	0.8202	0.56202	0.88805	0.67895	0.81628	0.24421	0.067121	0.084792	0.10144	0.16275	0.11685	0.19484	0.26488	0.29357	0.25666	0.019832	0.029574	0.10028	0.07558	0.13337	0.1987	0.1151	0.10691	0.10879	0.038272	0.12137	0.031782	0.02636	0.035719	0.17218	0.012664	0.021791	0.064725	0.011936	0.046817	0.021899	0.076684	0.14436	0.029238	0.089046	0.025353	0.079176	0.087262	0.021242	0.025645	0.019676	0.084459	0.041254	0.015127	0.16734	0.036939	0.025096	0.17834	0.092054	0.014873	0.021173	0.080513	0.021329	0.14807	0.09684	0.12896	0.11589	0.055491	0.021694	0.056581	0.15455	0.069083	0.13181	0.17452	0.18549	0.14946	0.22539	0.13176	0.24838	0.17734	0.27684	0.034121	0.12694	0.23807	0.048948	0.083139	0.14151	0.11721	0.2446	0.084978	0.16265	0.14251	0.15262
0.66472	0.79781	0.90451	0.7708	0.84107	1	0.76847	0.84885	0.10403	0.34262	0.50169	0.47544	0.7408	0.19323	0.3248	0.37819	0.21528	0.65135	0.73797	0.76574	0.61229	0.39883	0.27522	0.18969	0.14703	0.35359	0.30046	0.11259	0.26258	0.24477	0.0059866	0.39495	0.020825	0.21851	0.041455	0.014994	0.035902	0.047044	0.04661	0.8886	0.78159	0.65324	0.7101	0.74479	0.93305	0.73609	0.85978	0.69335	0.79667	0.35477	0.16733	0.22558	0.19994	0.31375	0.25957	0.28125	0.28374	0.33658	0.24882	0.044984	0.064882	0.14126	0.12815	0.15498	0.19731	0.26329	0.2439	0.20765	0.088515	0.213	0.083646	0.064531	0.082251	0.38053	0.027715	0.054313	0.13616	0.030392	0.10713	0.051782	0.18023	0.29619	0.069986	0.21566	0.065654	0.17072	0.13647	0.054733	0.064877	0.05195	0.20363	0.10451	0.041705	0.35008	0.089578	0.071316	0.32568	0.18286	0.031798	0.058461	0.18863	0.053012	0.28558	0.22676	0.26888	0.24739	0.13773	0.055125	0.069781	0.25154	0.082578	0.20627	0.26132	0.33098	0.21358	0.39659	0.1771	0.44004	0.24235	0.4959	0.082964	0.1546	0.38371	0.12103	0.12595	0.24133	0.15402	0.40633	0.11772	0.29647	0.20366	0.24946
0.82358	0.98022	0.90251	0.99286	0.87465	0.76847	1	0.89679	0.047221	0.17012	0.2327	0.31482	0.55587	0.099125	0.14931	0.21546	0.12616	0.35282	0.45562	0.52863	0.31892	0.54075	0.53436	0.20319	0.40089	0.33613	0.29582	0.069452	0.30381	0.28095	0.009545	0.29617	0.019367	0.27133	0.025807	0.010274	0.1102	0.12876	0.050655	0.67228	0.48752	0.36459	0.70313	0.78348	0.67052	0.50381	0.74822	0.68043	0.74508	0.27742	0.053028	0.0704	0.08514	0.12704	0.11073	0.10063	0.12065	0.13982	0.10945	0.0092025	0.017135	0.05785	0.042351	0.051566	0.087941	0.09452	0.091251	0.079408	0.032129	0.083606	0.024841	0.01837	0.024999	0.16226	0.0095648	0.014935	0.043104	0.0087045	0.032855	0.013485	0.055917	0.10681	0.019075	0.087986	0.022646	0.059075	0.053341	0.016344	0.019208	0.015099	0.065288	0.034783	0.013706	0.13654	0.028182	0.023934	0.14429	0.057568	0.010365	0.017878	0.06471	0.015901	0.12808	0.07714	0.090746	0.090053	0.043077	0.017256	0.057965	0.1081	0.068872	0.079246	0.21692	0.11272	0.18567	0.15032	0.15953	0.18738	0.2407	0.21085	0.022688	0.14126	0.16188	0.032487	0.097301	0.078037	0.12705	0.17082	0.092507	0.11469	0.11835	0.080119
0.85502	0.92239	0.95183	0.92585	0.99253	0.84885	0.89679	1	0.092328	0.17515	0.28839	0.41319	0.74173	0.12814	0.15461	0.20035	0.095956	0.46823	0.58894	0.63748	0.45162	0.41175	0.48593	0.12782	0.31053	0.42271	0.39293	0.052497	0.36394	0.28671	0.0031537	0.31688	0.0086603	0.24355	0.016024	0.0054803	0.090653	0.10665	0.026016	0.84792	0.6368	0.50069	0.62697	0.73335	0.8087	0.53109	0.86005	0.64637	0.78234	0.23911	0.065341	0.082538	0.091929	0.15332	0.1108	0.17559	0.23574	0.26657	0.22462	0.01847	0.029043	0.085369	0.064919	0.11704	0.17037	0.11244	0.10369	0.11207	0.037578	0.10812	0.031818	0.026057	0.035525	0.17581	0.013578	0.021854	0.062882	0.011951	0.047287	0.021279	0.076539	0.1434	0.027949	0.087186	0.024893	0.079716	0.086011	0.021389	0.02565	0.019233	0.08267	0.041576	0.014336	0.16665	0.03734	0.024801	0.17244	0.085743	0.016129	0.021299	0.081241	0.021247	0.14382	0.095162	0.12662	0.11737	0.054752	0.021828	0.051263	0.13953	0.062365	0.11756	0.17625	0.17521	0.14816	0.21187	0.12861	0.23491	0.18099	0.26707	0.032456	0.12054	0.22064	0.046977	0.079556	0.12797	0.11093	0.22988	0.079354	0.14945	0.13275	0.13962
0.07731	0.062331	0.092869	0.047961	0.086432	0.10403	0.047221	0.092328	1	0.041721	0.060811	0.038985	0.12097	0.021153	0.04358	0.032371	0.0095405	0.10174	0.10976	0.088033	0.10887	0.0043654	0.0063388	0.0014538	0.0029374	0.016534	0.020598	0.0024159	0.015168	0.0036526	1.5597e-05	0.0090626	0.00015349	0.0025333	0.00054427	8.0846e-05	0.00069745	0.00069799	0.00080886	0.1715	0.090301	0.12886	0.01568	0.021946	0.080343	0.028929	0.063874	0.025874	0.040593	0.025519	0.05111	0.050144	0.010161	0.048917	0.021465	0.088757	0.13605	0.1791	0.095517	0.1147	0.16102	0.0065295	0.0068883	0.12827	0.050687	0.059909	0.046281	0.31285	0.041627	0.023298	0.058923	0.074999	0.10524	0.083714	0.15246	0.095941	0.1054	0.049696	0.15831	0.082865	0.12344	0.13064	0.065596	0.02847	0.027242	0.17594	0.36441	0.05353	0.064928	0.03779	0.076863	0.042593	0.0053724	0.11379	0.075869	0.0079967	0.11218	0.07675	0.26897	0.022083	0.099074	0.055699	0.067394	0.069676	0.13959	0.16661	0.050611	0.038272	0.00089588	0.01811	0.001268	0.022415	0.0075345	0.10101	0.004803	0.069318	0.0033092	0.047187	0.0066536	0.070165	0.049631	0.0033186	0.042351	0.058448	0.0018332	0.051039	0.0027773	0.048841	0.0016536	0.030257	0.0080741	0.079011
0.10885	0.18208	0.24886	0.16109	0.17409	0.34262	0.17012	0.17515	0.041721	1	0.75511	0.44063	0.32101	0.42908	0.93246	0.80747	0.54831	0.4817	0.55198	0.52461	0.52194	0.16064	0.044819	0.24679	0.018107	0.17316	0.13501	0.44177	0.12903	0.12986	0.014145	0.36029	0.10395	0.14579	0.15956	0.046112	0.0076043	0.011568	0.20348	0.27474	0.41246	0.50268	0.27872	0.26259	0.32755	0.42548	0.30668	0.35596	0.3274	0.74	0.6037	0.51721	0.54665	0.67258	0.64974	0.32182	0.176	0.20066	0.11964	0.14499	0.24266	0.24251	0.24467	0.11527	0.14766	0.70406	0.69704	0.37591	0.5042	0.49823	0.4706	0.33721	0.36291	0.77684	0.11485	0.29785	0.44842	0.2428	0.3718	0.26941	0.52392	0.61822	0.36898	0.71624	0.41859	0.45145	0.23397	0.37156	0.38485	0.33467	0.60239	0.55214	0.41262	0.6036	0.4462	0.52868	0.56318	0.43587	0.085681	0.42556	0.58442	0.33629	0.7622	0.60647	0.52292	0.50418	0.55411	0.4148	0.015605	0.11806	0.022049	0.10393	0.067634	0.32542	0.05498	0.29651	0.039127	0.32759	0.058276	0.39345	0.39543	0.034352	0.22605	0.46361	0.029478	0.21051	0.03553	0.23013	0.035874	0.20991	0.052799	0.20004
0.15728	0.24274	0.3462	0.23303	0.30156	0.50169	0.2327	0.28839	0.060811	0.75511	1	0.68175	0.53417	0.63597	0.76171	0.69794	0.42315	0.81072	0.75027	0.75209	0.82661	0.20895	0.076562	0.22497	0.026799	0.33691	0.28179	0.38685	0.22429	0.21302	0.0049026	0.50755	0.039973	0.19758	0.1361	0.043979	0.012602	0.019669	0.083996	0.45228	0.71835	0.79235	0.40673	0.40503	0.55367	0.67682	0.50875	0.51124	0.51699	0.61143	0.59774	0.55691	0.6994	0.83081	0.68983	0.57551	0.4282	0.46255	0.34067	0.22702	0.27532	0.45433	0.4602	0.30681	0.38114	0.73773	0.7271	0.39402	0.44111	0.71942	0.40577	0.331	0.35463	0.72782	0.09365	0.27282	0.51213	0.19955	0.35556	0.29503	0.55071	0.69919	0.38548	0.65244	0.34743	0.46702	0.29438	0.30935	0.34109	0.316	0.65665	0.48306	0.33167	0.72759	0.40556	0.40861	0.69207	0.65583	0.078843	0.34585	0.58006	0.30399	0.77327	0.69129	0.67314	0.56752	0.56604	0.33318	0.046609	0.32713	0.062665	0.32274	0.11462	0.63111	0.09997	0.60906	0.080173	0.6229	0.092982	0.67859	0.4559	0.081366	0.52486	0.55151	0.068169	0.5078	0.085868	0.51642	0.082704	0.47734	0.14589	0.48567
0.25254	0.33309	0.44222	0.33334	0.44515	0.47544	0.31482	0.41319	0.038985	0.44063	0.68175	1	0.76485	0.56139	0.38606	0.40757	0.19166	0.74347	0.82234	0.84681	0.82272	0.30961	0.2357	0.19616	0.097908	0.76494	0.69813	0.21096	0.62061	0.51756	0.0027762	0.71506	0.017203	0.44771	0.056391	0.017265	0.07255	0.1031	0.056705	0.47671	0.77858	0.78734	0.48203	0.54838	0.603	0.61502	0.69017	0.66305	0.70641	0.50086	0.20778	0.1823	0.38047	0.42094	0.29221	0.48779	0.473	0.44905	0.44443	0.076399	0.095606	0.48455	0.365	0.29737	0.51913	0.28752	0.28552	0.16263	0.15963	0.44117	0.12633	0.10585	0.12013	0.29185	0.02772	0.083576	0.20141	0.060979	0.11935	0.09813	0.1895	0.29391	0.13316	0.24008	0.11087	0.17085	0.15443	0.094346	0.1063	0.093468	0.23206	0.16128	0.11493	0.2888	0.1327	0.13745	0.32559	0.2846	0.022649	0.10638	0.19893	0.095188	0.3716	0.24446	0.26457	0.20705	0.19494	0.10953	0.034511	0.16888	0.048409	0.1757	0.064717	0.29876	0.061085	0.29556	0.052072	0.3034	0.056556	0.32344	0.15151	0.058086	0.28562	0.18492	0.038639	0.26105	0.057951	0.26534	0.055909	0.22151	0.088297	0.25759
0.56032	0.60918	0.75525	0.58091	0.76955	0.7408	0.55587	0.74173	0.12097	0.32101	0.53417	0.76485	1	0.31263	0.29747	0.34005	0.15329	0.78799	0.86965	0.91178	0.78991	0.30976	0.32749	0.13689	0.1641	0.63955	0.61224	0.1032	0.5608	0.38208	0.00221	0.49704	0.010204	0.31462	0.030923	0.0094198	0.083851	0.10516	0.03587	0.76567	0.87409	0.82914	0.5407	0.6424	0.82026	0.60035	0.85754	0.68888	0.80036	0.3798	0.14657	0.1654	0.19351	0.29671	0.19631	0.41408	0.4913	0.50504	0.46147	0.066543	0.086808	0.22606	0.17155	0.29924	0.41622	0.21806	0.20465	0.20535	0.10052	0.25181	0.090216	0.079527	0.09785	0.27945	0.033609	0.068091	0.15805	0.042692	0.11302	0.073306	0.16818	0.26411	0.090954	0.16767	0.075023	0.17474	0.20341	0.065166	0.07753	0.063999	0.19045	0.10804	0.046747	0.29444	0.099575	0.065251	0.33138	0.21835	0.035145	0.060501	0.17145	0.06686	0.28956	0.20066	0.25494	0.21765	0.13764	0.067996	0.046668	0.1865	0.061319	0.18322	0.11774	0.30445	0.10414	0.32143	0.088023	0.31736	0.10731	0.35069	0.097288	0.092026	0.30269	0.12726	0.059826	0.23276	0.08689	0.3001	0.073216	0.23054	0.12969	0.25515
0.049791	0.094799	0.13373	0.10141	0.14446	0.19323	0.099125	0.12814	0.021153	0.42908	0.63597	0.56139	0.31263	1	0.38527	0.33597	0.18541	0.51167	0.38994	0.46674	0.54658	0.11378	0.047638	0.16999	0.014726	0.35258	0.33468	0.37893	0.2593	0.18591	0.0011526	0.34574	0.014514	0.15735	0.10225	0.029882	0.017385	0.027591	0.041713	0.21129	0.443	0.52031	0.21187	0.23254	0.24948	0.41207	0.28496	0.35273	0.32336	0.47095	0.35049	0.23932	0.65776	0.59004	0.44601	0.47823	0.42156	0.38535	0.35633	0.18273	0.19418	0.62004	0.55626	0.33188	0.52413	0.41505	0.43309	0.1773	0.33929	0.78125	0.24606	0.23169	0.23765	0.31361	0.046419	0.1767	0.38701	0.15186	0.19816	0.23206	0.28808	0.38627	0.31135	0.37507	0.24974	0.23933	0.19515	0.21448	0.23082	0.24023	0.35726	0.31978	0.32564	0.37288	0.26179	0.29467	0.43885	0.56431	0.032419	0.24212	0.30948	0.22406	0.53618	0.39653	0.3843	0.2717	0.36672	0.25439	0.032708	0.21246	0.050256	0.24041	0.043565	0.42741	0.04276	0.37278	0.037557	0.36919	0.037316	0.37624	0.3969	0.048673	0.34299	0.39686	0.030017	0.39943	0.048296	0.30245	0.050551	0.29657	0.084656	0.37286
0.09881	0.16078	0.22574	0.13982	0.15326	0.3248	0.14931	0.15461	0.04358	0.93246	0.76171	0.38606	0.29747	0.38527	1	0.91169	0.68208	0.48921	0.49948	0.49112	0.47873	0.14361	0.035789	0.24391	0.014302	0.14114	0.10701	0.47089	0.10262	0.10935	0.016981	0.32956	0.12159	0.12581	0.21051	0.067487	0.0058731	0.0090754	0.20624	0.24184	0.38326	0.47143	0.2574	0.23649	0.30906	0.39738	0.2684	0.32251	0.28885	0.69591	0.61759	0.61296	0.52794	0.65514	0.66009	0.27466	0.1561	0.18113	0.10486	0.16551	0.26469	0.19434	0.20437	0.10526	0.12526	0.72899	0.72742	0.41129	0.55795	0.45883	0.53583	0.38302	0.39786	0.85397	0.14416	0.34589	0.46194	0.28332	0.39561	0.31096	0.57413	0.6215	0.40104	0.78743	0.51472	0.51525	0.26698	0.43118	0.45169	0.42314	0.69859	0.64181	0.42743	0.71966	0.51656	0.59331	0.67431	0.49354	0.10938	0.49388	0.67377	0.39898	0.80184	0.71847	0.5999	0.58905	0.65315	0.47498	0.024277	0.1565	0.033341	0.13733	0.090881	0.36062	0.076023	0.34624	0.054744	0.37975	0.076706	0.43709	0.43777	0.049017	0.26554	0.52286	0.04457	0.23249	0.050463	0.2751	0.05289	0.27376	0.07336	0.22106
0.14566	0.22728	0.29179	0.19965	0.19891	0.37819	0.21546	0.20035	0.032371	0.80747	0.69794	0.40757	0.34005	0.33597	0.91169	1	0.83796	0.50752	0.50406	0.5405	0.44722	0.23529	0.065012	0.37054	0.030576	0.18165	0.13503	0.54153	0.14239	0.16716	0.037982	0.41216	0.18844	0.20074	0.30317	0.11804	0.013287	0.01987	0.30999	0.25421	0.40458	0.45768	0.36277	0.33205	0.35581	0.45682	0.31999	0.4303	0.36736	0.7749	0.43751	0.49198	0.4596	0.5287	0.57408	0.20766	0.12429	0.14184	0.08666	0.093888	0.15782	0.16342	0.15427	0.073768	0.10347	0.55379	0.57303	0.30004	0.41171	0.36287	0.36887	0.25279	0.26305	0.72814	0.09721	0.22016	0.30952	0.18529	0.25627	0.19487	0.39583	0.44687	0.25658	0.6739	0.4226	0.38222	0.19929	0.28811	0.30592	0.31072	0.53607	0.47238	0.32035	0.61221	0.35104	0.45217	0.61779	0.36291	0.071085	0.34288	0.49716	0.27103	0.68295	0.56397	0.44841	0.4514	0.48078	0.32441	0.045705	0.16764	0.060325	0.13536	0.14559	0.27971	0.12903	0.30444	0.095935	0.35677	0.12996	0.39065	0.28618	0.086312	0.25094	0.34284	0.078786	0.17849	0.085807	0.26034	0.092217	0.27145	0.099607	0.16533
0.072012	0.12687	0.15315	0.11096	0.094953	0.21528	0.12616	0.095956	0.0095405	0.54831	0.42315	0.19166	0.15329	0.18541	0.68208	0.83796	1	0.27953	0.24006	0.28827	0.21019	0.18029	0.032183	0.44377	0.015948	0.080623	0.054047	0.62993	0.061202	0.094321	0.088393	0.26182	0.35322	0.12864	0.5545	0.2895	0.0064002	0.010165	0.41682	0.11439	0.20564	0.21999	0.26644	0.21736	0.19178	0.31013	0.16035	0.28214	0.20799	0.58219	0.28681	0.39605	0.35137	0.33292	0.47264	0.08668	0.042219	0.049404	0.027974	0.041422	0.071299	0.085631	0.084306	0.023145	0.03609	0.36773	0.40322	0.1441	0.27303	0.21978	0.23932	0.14664	0.14312	0.51875	0.0479	0.12134	0.16186	0.11077	0.13171	0.1029	0.22722	0.24241	0.14501	0.56887	0.35501	0.21783	0.08541	0.17778	0.18884	0.22789	0.36876	0.33087	0.27705	0.42352	0.20782	0.38038	0.42569	0.21068	0.031668	0.23807	0.314	0.16694	0.45673	0.39737	0.26076	0.26818	0.32735	0.20715	0.059867	0.13174	0.07361	0.091305	0.17257	0.15332	0.16131	0.19408	0.11927	0.2526	0.15536	0.25855	0.17264	0.10149	0.16423	0.20561	0.10968	0.09479	0.10279	0.17292	0.11936	0.21148	0.095109	0.080297
0.28454	0.3747	0.50809	0.35725	0.5013	0.65135	0.35282	0.46823	0.10174	0.4817	0.81072	0.74347	0.78799	0.51167	0.48921	0.50752	0.27953	1	0.83441	0.89808	0.9303	0.21977	0.13332	0.16713	0.052944	0.47092	0.43456	0.21796	0.35243	0.2522	0.0024026	0.46527	0.016114	0.20872	0.08372	0.028445	0.029158	0.041278	0.045012	0.63534	0.92697	0.95617	0.4784	0.52673	0.7124	0.72465	0.68882	0.63579	0.6789	0.49094	0.35081	0.41775	0.44735	0.60034	0.45925	0.62185	0.59583	0.62383	0.51734	0.17429	0.1883	0.38017	0.34508	0.41326	0.50696	0.47104	0.45777	0.328	0.23722	0.54356	0.21599	0.18811	0.21437	0.49614	0.059906	0.15828	0.32747	0.10364	0.23052	0.17788	0.35727	0.48123	0.23265	0.39227	0.19041	0.33999	0.3119	0.15441	0.18354	0.17201	0.43564	0.24177	0.13464	0.55313	0.21687	0.16898	0.61334	0.48881	0.059039	0.15251	0.35633	0.16007	0.54521	0.44567	0.50323	0.41158	0.32261	0.15656	0.066819	0.37228	0.086965	0.3656	0.14044	0.55656	0.12656	0.58834	0.10617	0.5777	0.11598	0.6025	0.26017	0.11347	0.53481	0.32225	0.087658	0.47485	0.11391	0.52303	0.10342	0.48178	0.19123	0.4739
0.41914	0.50483	0.66583	0.46946	0.6023	0.73797	0.45562	0.58894	0.10976	0.55198	0.75027	0.82234	0.86965	0.38994	0.49948	0.50406	0.24006	0.83441	1	0.93436	0.91133	0.29179	0.20934	0.16073	0.093536	0.52647	0.47218	0.16511	0.41255	0.32718	0.0037021	0.55583	0.020502	0.28847	0.047849	0.013882	0.038862	0.052497	0.061118	0.72947	0.87964	0.90294	0.51914	0.57514	0.7881	0.66307	0.79381	0.64432	0.73952	0.50629	0.30047	0.29065	0.33171	0.49583	0.35167	0.53153	0.4774	0.51485	0.41013	0.11013	0.152	0.30812	0.26026	0.29946	0.39063	0.40591	0.3824	0.31834	0.19728	0.39039	0.18494	0.15282	0.18344	0.47172	0.058107	0.13104	0.27736	0.085432	0.21147	0.13406	0.31032	0.45463	0.17422	0.3153	0.13989	0.29322	0.24738	0.1329	0.1515	0.11929	0.33703	0.20786	0.10798	0.43313	0.19084	0.14372	0.43427	0.32243	0.056188	0.12987	0.30817	0.12954	0.4623	0.33971	0.39329	0.35224	0.24903	0.13746	0.029367	0.18457	0.039051	0.17877	0.095527	0.38606	0.079755	0.37845	0.063285	0.38116	0.082897	0.44297	0.18232	0.061154	0.331	0.23694	0.045458	0.29021	0.061294	0.33191	0.052861	0.2566	0.098454	0.30277
0.43643	0.55871	0.69646	0.5369	0.66313	0.76574	0.52863	0.63748	0.088033	0.52461	0.75209	0.84681	0.91178	0.46674	0.49112	0.5405	0.28827	0.89808	0.93436	1	0.88742	0.36942	0.25936	0.24202	0.12143	0.61271	0.55093	0.22426	0.50235	0.39837	0.0050658	0.61479	0.025797	0.35462	0.075473	0.024721	0.062345	0.084156	0.073906	0.72365	0.93373	0.91287	0.63896	0.70571	0.82698	0.77128	0.8523	0.80302	0.85242	0.58921	0.26357	0.28608	0.36555	0.48391	0.37068	0.4846	0.4694	0.48967	0.41264	0.094202	0.12533	0.32868	0.2687	0.28622	0.41509	0.37367	0.36275	0.26449	0.18579	0.4177	0.16124	0.13324	0.15661	0.44721	0.046746	0.11088	0.24606	0.074771	0.17163	0.11752	0.26525	0.39499	0.15531	0.32182	0.14477	0.25646	0.23177	0.11697	0.13505	0.11867	0.31734	0.19769	0.10862	0.44285	0.16896	0.1442	0.48273	0.3349	0.043791	0.12037	0.28046	0.11736	0.47084	0.33659	0.37454	0.31976	0.24234	0.12559	0.060537	0.25242	0.079875	0.2357	0.15253	0.40399	0.13591	0.43004	0.11292	0.4489	0.13725	0.48885	0.17339	0.11491	0.39953	0.21981	0.081919	0.31241	0.1119	0.39409	0.10016	0.3276	0.15975	0.31854
0.264	0.34565	0.48557	0.3308	0.48083	0.61229	0.31892	0.45162	0.10887	0.52194	0.82661	0.82272	0.78991	0.54658	0.47873	0.44722	0.21019	0.9303	0.91133	0.88742	1	0.19749	0.12989	0.13019	0.048721	0.50635	0.47616	0.18104	0.37154	0.25716	0.0015535	0.47581	0.012093	0.20748	0.05194	0.01491	0.025718	0.036429	0.037628	0.65784	0.91598	0.98173	0.41899	0.47245	0.68956	0.66826	0.69384	0.57234	0.65064	0.46467	0.38133	0.36207	0.44737	0.62925	0.43319	0.7375	0.6831	0.71116	0.59445	0.19186	0.21648	0.45202	0.40735	0.48644	0.59063	0.49034	0.46559	0.35021	0.24732	0.5766	0.22877	0.20407	0.23788	0.47925	0.063714	0.17176	0.37295	0.11176	0.26176	0.19416	0.38271	0.53797	0.25454	0.36475	0.17338	0.34662	0.31099	0.16657	0.19322	0.16187	0.42078	0.24566	0.1434	0.49936	0.23312	0.16901	0.52277	0.47984	0.061998	0.15842	0.36124	0.16831	0.53777	0.42083	0.4972	0.40629	0.31397	0.16869	0.033206	0.26477	0.045013	0.27577	0.082697	0.53898	0.071054	0.51054	0.058312	0.48643	0.067829	0.54065	0.27405	0.061588	0.44748	0.3391	0.045236	0.45678	0.062864	0.43389	0.055286	0.36032	0.11758	0.46693
0.35464	0.49621	0.45516	0.54453	0.4121	0.39883	0.54075	0.41175	0.0043654	0.16064	0.20895	0.30961	0.30976	0.11378	0.14361	0.23529	0.18029	0.21977	0.29179	0.36942	0.19749	1	0.57188	0.51545	0.3914	0.39637	0.28651	0.16205	0.33259	0.62343	0.047198	0.58329	0.077113	0.68334	0.068757	0.036081	0.14453	0.19837	0.13335	0.25595	0.30082	0.20169	0.78796	0.73963	0.43452	0.48015	0.47471	0.62607	0.58045	0.28268	0.035164	0.039078	0.11108	0.093069	0.096203	0.055405	0.049367	0.051142	0.047989	0.0031685	0.0060038	0.08823	0.060391	0.018947	0.055228	0.062559	0.066032	0.022425	0.023549	0.076075	0.016435	0.010352	0.012151	0.10328	0.002608	0.0069613	0.023254	0.0051901	0.012545	0.0068118	0.026896	0.055308	0.01045	0.074518	0.020411	0.024121	0.012936	0.010824	0.01177	0.011491	0.040889	0.031098	0.022872	0.078039	0.01723	0.038828	0.077558	0.0365	0.0019004	0.018588	0.036548	0.010112	0.090796	0.052315	0.044709	0.038896	0.035192	0.014645	0.086281	0.078002	0.10369	0.055136	0.19605	0.063336	0.19171	0.09068	0.17296	0.13071	0.2106	0.13269	0.015704	0.15313	0.10877	0.021372	0.1192	0.045438	0.14945	0.10769	0.14196	0.084067	0.10589	0.04037
0.50283	0.51961	0.44502	0.57194	0.4919	0.27522	0.53436	0.48593	0.0063388	0.044819	0.076562	0.2357	0.32749	0.047638	0.035789	0.065012	0.032183	0.13332	0.20934	0.25936	0.12989	0.57188	1	0.12655	0.86259	0.45908	0.4128	0.026399	0.49726	0.54952	0.0054462	0.29738	0.0073968	0.51337	0.0078033	0.0033318	0.42965	0.47939	0.026054	0.23908	0.21417	0.14107	0.43621	0.52134	0.31226	0.21684	0.42331	0.41949	0.46147	0.10946	0.0075634	0.0077119	0.023979	0.026892	0.019583	0.03301	0.048158	0.046177	0.053875	0.0010865	0.002132	0.035735	0.018243	0.017474	0.052306	0.014715	0.014942	0.010168	0.0054044	0.022799	0.003495	0.0026303	0.0035166	0.026006	0.0010304	0.0018587	0.0071678	0.0012565	0.0039755	0.0019133	0.0072514	0.01733	0.0026883	0.014025	0.0038414	0.0080224	0.00838	0.0023589	0.0027123	0.0022483	0.0095518	0.0059891	0.0030907	0.021885	0.0041243	0.0047734	0.026473	0.010721	0.00088772	0.002924	0.0090374	0.0023539	0.026659	0.011761	0.013559	0.012124	0.0069587	0.0029669	0.028382	0.024181	0.035553	0.019146	0.060784	0.021897	0.060074	0.029784	0.056584	0.038573	0.072702	0.041008	0.0034007	0.057176	0.037347	0.0045997	0.031474	0.015913	0.049208	0.03624	0.040177	0.02322	0.035889	0.016331
0.086793	0.17487	0.16652	0.18677	0.13069	0.18969	0.20319	0.12782	0.0014538	0.24679	0.22497	0.19616	0.13689	0.16999	0.24391	0.37054	0.44377	0.16713	0.16073	0.24202	0.13019	0.51545	0.12655	1	0.074727	0.16691	0.10923	0.55466	0.1352	0.28249	0.11189	0.41288	0.27341	0.37663	0.3629	0.22589	0.0395	0.063131	0.33084	0.09923	0.17603	0.13445	0.49381	0.40464	0.20087	0.37972	0.20623	0.44306	0.30662	0.43534	0.064366	0.082387	0.22559	0.13511	0.20198	0.042623	0.0257	0.026307	0.021378	0.0048253	0.0086484	0.10268	0.080584	0.010899	0.032878	0.1028	0.11862	0.02228	0.053164	0.1271	0.035234	0.020388	0.020484	0.15109	0.0036089	0.013483	0.035255	0.012493	0.017825	0.013247	0.039569	0.064805	0.022126	0.17299	0.063536	0.033085	0.01329	0.02464	0.025987	0.033675	0.074857	0.071497	0.084832	0.11911	0.03347	0.11803	0.12382	0.061431	0.0021264	0.047199	0.061111	0.023291	0.15191	0.097927	0.061904	0.051405	0.073208	0.035546	0.13014	0.09679	0.15743	0.061722	0.23606	0.067111	0.24886	0.10131	0.21729	0.15659	0.24661	0.14613	0.034937	0.19541	0.11381	0.042805	0.17336	0.047588	0.19551	0.11073	0.22441	0.11777	0.12606	0.037636
0.40137	0.38837	0.2897	0.41847	0.30483	0.14703	0.40089	0.31053	0.0029374	0.018107	0.026799	0.097908	0.1641	0.014726	0.014302	0.030576	0.015948	0.052944	0.093536	0.12143	0.048721	0.3914	0.86259	0.074727	1	0.22274	0.20169	0.010687	0.28552	0.30821	0.0061391	0.13352	0.0052681	0.31632	0.0035556	0.0016205	0.47454	0.47748	0.020178	0.12037	0.089911	0.056585	0.24826	0.30613	0.14969	0.092955	0.22143	0.23486	0.25007	0.057594	0.002185	0.0024148	0.0070277	0.0084237	0.0065449	0.0090401	0.014067	0.013776	0.015416	0.0002287	0.00056691	0.008834	0.0039275	0.0042527	0.014337	0.0045967	0.0047508	0.0038177	0.0017346	0.0062414	0.0010362	0.00073605	0.001038	0.0099352	0.0003918	0.00053421	0.0020043	0.00036822	0.0012232	0.00049399	0.0021753	0.0054337	0.00070118	0.0048971	0.0012639	0.0027309	0.0030949	0.00069736	0.00079962	0.00064658	0.0029072	0.0018388	0.00083469	0.0075898	0.0012458	0.001396	0.009976	0.0028138	0.00033579	0.00084236	0.0029184	0.00068873	0.0096842	0.0036114	0.0041272	0.0041532	0.0020225	0.00088041	0.013397	0.0072835	0.016603	0.0051522	0.034418	0.0058658	0.034142	0.0086745	0.031644	0.012154	0.046467	0.013203	0.0008408	0.030603	0.011167	0.0011387	0.015747	0.003808	0.024342	0.011123	0.019229	0.0068359	0.01367	0.0039588
0.27574	0.33956	0.39635	0.36689	0.46837	0.35359	0.33613	0.42271	0.016534	0.17316	0.33691	0.76494	0.63955	0.35258	0.14114	0.18165	0.080623	0.47092	0.52647	0.61271	0.50635	0.39637	0.45908	0.16691	0.22274	1	0.95712	0.11123	0.90749	0.75555	0.0018999	0.63863	0.008121	0.59986	0.02829	0.0097968	0.21317	0.28216	0.031978	0.36454	0.57371	0.49593	0.47671	0.57422	0.48381	0.47615	0.62223	0.62459	0.67387	0.28295	0.061778	0.049559	0.17193	0.17006	0.10906	0.27092	0.32016	0.27825	0.34576	0.020462	0.025311	0.33864	0.2072	0.17577	0.41379	0.092531	0.094419	0.049535	0.045222	0.20472	0.032105	0.028332	0.033344	0.098539	0.0064662	0.02007	0.066266	0.014811	0.032299	0.025486	0.053213	0.10092	0.035562	0.076717	0.032819	0.050893	0.053162	0.023418	0.026788	0.024853	0.069293	0.045072	0.035634	0.10161	0.034409	0.038025	0.12812	0.10275	0.0050559	0.026608	0.056425	0.024369	0.14319	0.076087	0.086397	0.063075	0.05553	0.02844	0.039231	0.098097	0.054675	0.099967	0.053959	0.13381	0.054454	0.14305	0.051009	0.15257	0.051237	0.15528	0.043235	0.060883	0.15623	0.050728	0.034756	0.12017	0.057681	0.13944	0.055159	0.11042	0.0718	0.11929
0.24941	0.30023	0.34977	0.32576	0.44028	0.30046	0.29582	0.39293	0.020598	0.13501	0.28179	0.69813	0.61224	0.33468	0.10701	0.13503	0.054047	0.43456	0.47218	0.55093	0.47616	0.28651	0.4128	0.10923	0.20169	0.95712	1	0.078962	0.91788	0.60848	0.00087371	0.47866	0.0041536	0.45869	0.018347	0.0058672	0.226	0.28545	0.020414	0.35023	0.52619	0.47577	0.36554	0.47337	0.40947	0.38272	0.56347	0.53491	0.59559	0.23786	0.053278	0.039533	0.13944	0.14972	0.087852	0.27215	0.35977	0.30646	0.3903	0.022275	0.026978	0.29797	0.17467	0.20454	0.45629	0.078093	0.079615	0.050113	0.041455	0.18534	0.028536	0.027347	0.032936	0.078729	0.0070084	0.019701	0.064346	0.014525	0.031988	0.025757	0.048411	0.091139	0.034917	0.061021	0.0282	0.049044	0.060968	0.021406	0.024801	0.02227	0.059586	0.037241	0.028312	0.086127	0.031205	0.026874	0.11648	0.095835	0.00565	0.021204	0.049222	0.02295	0.12674	0.063775	0.078036	0.057671	0.04562	0.02491	0.027199	0.079844	0.038959	0.085635	0.035929	0.11944	0.036317	0.12149	0.034175	0.12338	0.034835	0.12741	0.039896	0.043584	0.13079	0.044641	0.022466	0.10946	0.039729	0.11533	0.036366	0.089126	0.052564	0.112
0.026702	0.06242	0.07459	0.062899	0.056033	0.11259	0.069452	0.052497	0.0024159	0.44177	0.38685	0.21096	0.1032	0.37893	0.47089	0.54153	0.62993	0.21796	0.16511	0.22426	0.18104	0.16205	0.026399	0.55466	0.010687	0.11123	0.078962	1	0.081142	0.12363	0.038591	0.28813	0.23288	0.15783	0.66407	0.34634	0.0084738	0.014766	0.3138	0.068175	0.16692	0.17777	0.21757	0.18218	0.12095	0.29683	0.12274	0.2673	0.17988	0.5747	0.25808	0.23727	0.56885	0.35972	0.49811	0.098431	0.047606	0.047953	0.034115	0.036785	0.054498	0.20348	0.18549	0.027582	0.05943	0.30988	0.36658	0.070489	0.26503	0.35999	0.18635	0.12493	0.11429	0.31148	0.021572	0.087363	0.15774	0.093105	0.087809	0.091717	0.15566	0.18626	0.14326	0.492	0.31723	0.13016	0.047995	0.14717	0.1508	0.20371	0.27048	0.28381	0.45045	0.27564	0.16198	0.40705	0.30166	0.22401	0.011238	0.21543	0.21427	0.14404	0.41343	0.30759	0.18577	0.15766	0.26711	0.18957	0.056416	0.12171	0.075216	0.092402	0.089985	0.13945	0.09326	0.16425	0.076086	0.21707	0.082595	0.20792	0.19231	0.077966	0.1523	0.19797	0.071023	0.1055	0.079726	0.14366	0.099562	0.1827	0.074795	0.082108
0.26961	0.31302	0.34504	0.32744	0.40071	0.26258	0.30381	0.36394	0.015168	0.12903	0.22429	0.62061	0.5608	0.2593	0.10262	0.14239	0.061202	0.35243	0.41255	0.50235	0.37154	0.33259	0.49726	0.1352	0.28552	0.90749	0.91788	0.081142	1	0.6928	0.0018827	0.48839	0.0068906	0.5719	0.020947	0.0068875	0.35651	0.43003	0.034342	0.27558	0.42278	0.38143	0.36088	0.46242	0.34774	0.31542	0.48952	0.52541	0.5483	0.25839	0.03706	0.029098	0.10008	0.10483	0.065667	0.17712	0.22246	0.18691	0.23586	0.012516	0.017607	0.2016	0.10742	0.11497	0.29198	0.055709	0.057694	0.037012	0.032424	0.12459	0.021952	0.019747	0.023649	0.064852	0.0056067	0.014506	0.043633	0.011508	0.022502	0.017706	0.033642	0.062785	0.023954	0.049026	0.024897	0.036521	0.046393	0.016744	0.019087	0.017708	0.043777	0.030387	0.022876	0.065542	0.023746	0.023261	0.09441	0.06317	0.0042046	0.017301	0.036804	0.017621	0.10352	0.046705	0.053845	0.041659	0.035096	0.020528	0.02422	0.049171	0.035235	0.049434	0.034907	0.072551	0.035862	0.076588	0.032905	0.081724	0.0356	0.084796	0.026639	0.040324	0.081322	0.02927	0.020167	0.059186	0.035349	0.0723	0.034536	0.057536	0.039294	0.061021
0.22376	0.27754	0.29819	0.30279	0.30819	0.24477	0.28095	0.28671	0.0036526	0.12986	0.21302	0.51756	0.38208	0.18591	0.10935	0.16716	0.094321	0.2522	0.32718	0.39837	0.25716	0.62343	0.54952	0.28249	0.30821	0.75555	0.60848	0.12363	0.6928	1	0.0094154	0.76354	0.023842	0.93676	0.038882	0.016916	0.24592	0.34145	0.065965	0.18677	0.32373	0.24392	0.51222	0.53862	0.34869	0.36843	0.42181	0.52348	0.51124	0.22995	0.028177	0.024591	0.10826	0.082962	0.064111	0.099132	0.096978	0.083896	0.10693	0.0046898	0.0069643	0.1952	0.11217	0.043998	0.14405	0.045871	0.048617	0.016706	0.021316	0.094664	0.014777	0.010806	0.012052	0.059617	0.0020354	0.0071001	0.024456	0.0058462	0.010902	0.0084018	0.021297	0.043398	0.012233	0.04715	0.018445	0.019511	0.014438	0.010365	0.011356	0.011621	0.032918	0.026357	0.024264	0.052758	0.015228	0.031263	0.060989	0.0405	0.001336	0.016176	0.026392	0.010214	0.075094	0.038695	0.035824	0.02656	0.030256	0.014742	0.045778	0.052788	0.060859	0.047198	0.062953	0.056141	0.066734	0.068467	0.062145	0.084847	0.061884	0.083512	0.01704	0.066319	0.080325	0.020822	0.04306	0.045386	0.06488	0.07253	0.069496	0.05981	0.058	0.042161
0.0049353	0.0088536	0.0067637	0.0076382	0.0027499	0.0059866	0.009545	0.0031537	1.5597e-05	0.014145	0.0049026	0.0027762	0.00221	0.0011526	0.016981	0.037982	0.088393	0.0024026	0.0037021	0.0050658	0.0015535	0.047198	0.0054462	0.11189	0.0061391	0.0018999	0.00087371	0.038591	0.0018827	0.0094154	1	0.015376	0.58891	0.021992	0.065262	0.062049	0.001293	0.0019125	0.34718	0.0015019	0.0022167	0.0016782	0.020993	0.013028	0.0043158	0.0079048	0.0037915	0.012258	0.0068118	0.025973	0.0016779	0.0024768	0.0036301	0.002258	0.0056883	0.00020318	5.9004e-05	7.4268e-05	3.6271e-05	2.3824e-05	0.00010103	0.00044056	0.0003105	1.4945e-05	5.7642e-05	0.0026763	0.0033226	0.00055836	0.0018589	0.00097308	0.0013427	0.00048619	0.00047723	0.0075885	0.00017067	0.00034669	0.00050382	0.0004247	0.00042153	0.00019694	0.0009372	0.0012777	0.00033643	0.0079408	0.0035591	0.00098193	0.00015934	0.00089801	0.00083348	0.0011251	0.0020974	0.0029666	0.0034961	0.0032237	0.001022	0.0068857	0.002982	0.00053232	7.0951e-05	0.0021463	0.0019438	0.00070188	0.004499	0.0025307	0.0010032	0.0013974	0.0021409	0.0014072	0.0025864	0.00063076	0.0028668	0.0002524	0.013801	0.0004328	0.013474	0.00079369	0.0092	0.0017098	0.016887	0.0018001	0.00047081	0.0052856	0.00077393	0.00058081	0.0070471	0.00016632	0.0050602	0.00088092	0.0069016	0.0010516	0.0014145	0.00011968
0.22216	0.3018	0.37079	0.30971	0.3335	0.39495	0.29617	0.31688	0.0090626	0.36029	0.50755	0.71506	0.49704	0.34574	0.32956	0.41216	0.26182	0.46527	0.55583	0.61479	0.47581	0.58329	0.29738	0.41288	0.13352	0.63863	0.47866	0.28813	0.48839	0.76354	0.015376	1	0.057543	0.75168	0.10095	0.041751	0.07421	0.11429	0.11893	0.28466	0.51974	0.43627	0.64265	0.61091	0.53194	0.61325	0.5294	0.63364	0.61216	0.41875	0.11578	0.11059	0.2986	0.24627	0.21089	0.22768	0.17171	0.16297	0.16788	0.021709	0.029723	0.37027	0.27556	0.09193	0.21946	0.16992	0.17522	0.05841	0.07992	0.25066	0.065955	0.046709	0.049247	0.2057	0.008582	0.03252	0.089239	0.026092	0.045682	0.036807	0.088523	0.15065	0.052492	0.17265	0.07328	0.073515	0.042341	0.045805	0.049975	0.050972	0.13228	0.10711	0.096233	0.18117	0.06433	0.12759	0.17661	0.13783	0.0059713	0.070349	0.10561	0.044026	0.21989	0.15014	0.1307	0.09933	0.12191	0.0615	0.06453	0.13252	0.08312	0.11881	0.11549	0.17131	0.11376	0.19747	0.098184	0.23402	0.10095	0.23744	0.07176	0.095942	0.20468	0.091292	0.077387	0.13442	0.10214	0.19263	0.1103	0.17071	0.11381	0.12321
0.0088253	0.018327	0.017733	0.01591	0.0079424	0.020825	0.019367	0.0086603	0.00015349	0.10395	0.039973	0.017203	0.010204	0.014514	0.12159	0.18844	0.35322	0.016114	0.020502	0.025797	0.012093	0.077113	0.0073968	0.27341	0.0052681	0.008121	0.0041536	0.23288	0.0068906	0.023842	0.58891	0.057543	1	0.04803	0.27476	0.18901	0.001611	0.00263	0.69435	0.0068913	0.012771	0.012215	0.052912	0.03472	0.016782	0.035779	0.014495	0.041053	0.023881	0.13248	0.024282	0.026893	0.039881	0.025995	0.054272	0.0028557	0.000822	0.0009914	0.00048482	0.00078578	0.0024601	0.0057262	0.0048536	0.00030186	0.00083651	0.031907	0.03847	0.0068725	0.028093	0.013953	0.021821	0.0096194	0.0088729	0.060943	0.0028134	0.0071363	0.0092346	0.0088146	0.00733	0.0047563	0.013992	0.016252	0.0075966	0.076419	0.046984	0.013098	0.0024149	0.016365	0.015089	0.019837	0.027177	0.040563	0.054987	0.031577	0.017125	0.081235	0.02864	0.0092225	0.0011927	0.032237	0.025205	0.013362	0.046167	0.031264	0.01353	0.016575	0.029479	0.023864	0.0068966	0.0050829	0.0084361	0.002604	0.030257	0.0056998	0.028651	0.008071	0.01953	0.014318	0.032224	0.015385	0.010037	0.013111	0.0069591	0.011443	0.01612	0.0025402	0.01317	0.0075543	0.018154	0.0094087	0.0061918	0.0019008
0.20446	0.2661	0.27479	0.28445	0.25561	0.21851	0.27133	0.24355	0.0025333	0.14579	0.19758	0.44771	0.31462	0.15735	0.12581	0.20074	0.12864	0.20872	0.28847	0.35462	0.20748	0.68334	0.51337	0.37663	0.31632	0.59986	0.45869	0.15783	0.5719	0.93676	0.021992	0.75168	0.04803	1	0.055872	0.025803	0.23881	0.33235	0.11913	0.15014	0.26116	0.19919	0.50639	0.51176	0.29592	0.32839	0.36164	0.50583	0.46005	0.27211	0.027706	0.024924	0.10514	0.076814	0.067113	0.067796	0.05953	0.052764	0.06201	0.0034071	0.0058818	0.14494	0.082135	0.025017	0.087655	0.0454	0.049433	0.015581	0.023133	0.080264	0.01554	0.010506	0.011481	0.064281	0.0021321	0.0069478	0.021675	0.0061066	0.010185	0.0076683	0.0202	0.03955	0.011322	0.053379	0.021185	0.018791	0.012223	0.011004	0.0118	0.012256	0.032618	0.028848	0.027941	0.051848	0.015856	0.036813	0.059318	0.034121	0.0013017	0.017841	0.027037	0.010662	0.077184	0.038759	0.032449	0.025874	0.030395	0.01604	0.042437	0.041463	0.05592	0.034337	0.065005	0.042485	0.06934	0.053946	0.062579	0.071257	0.066527	0.07072	0.015438	0.063805	0.062534	0.019023	0.043136	0.03206	0.061644	0.05755	0.068272	0.048933	0.047824	0.029037
