Isocortex_FRP	Isocortex_MO	Isocortex_ORB	Isocortex_PTLp	Isocortex_RSPd	Isocortex_RSPv	Isocortex_SS	Isocortex_VIS	OlfactoryAreas_AOBgl	OlfactoryAreas_AOBgr	OlfactoryAreas_AOBmi	OlfactoryAreas_AON1	OlfactoryAreas_AON2	OlfactoryAreas_MOBgl	OlfactoryAreas_MOBgr	OlfactoryAreas_MOBipl	OlfactoryAreas_MOBmi	OlfactoryAreas_MOBopl	OlfactoryAreas_PIR1	OlfactoryAreas_PIR2	OlfactoryAreas_PIR3	Hippocampus_CA1slm	Hippocampus_CA1so	Hippocampus_CA1sp	Hippocampus_CA1sr	Hippocampus_CA2slm	Hippocampus_CA2so	Hippocampus_CA2sp	Hippocampus_CA2sr	Hippocampus_CA3slm	Hippocampus_CA3slu	Hippocampus_CA3so	Hippocampus_CA3sp	Hippocampus_CA3sr	Hippocampus_DGgrInf	Hippocampus_DGgrSup	Hippocampus_DGmoInf	Hippocampus_DGmoSup	Hippocampus_DGpo	Hippocampus_SUB	CorticalSubplate_CLA	CorticalSubplate_EPd	Striatum_ACBc	Striatum_ACBsh	Striatum_CP	Striatum_FS	Striatum_OT1	Striatum_OT2	Striatum_OT3	Striatum_isl	Pallidum_BST	Pallidum_GPi	Pallidum_MA	Pallidum_NDB	Pallidum_SI	Thalamus_AV	Thalamus_LD	Thalamus_LP	Thalamus_PO	Thalamus_RT	Thalamus_SPFp	Thalamus_VAL	Thalamus_VM	Thalamus_VPL	Thalamus_VPM	Thalamus_VPMpc	Hypothalamus_LHA	Hypothalamus_LPO	Hypothalamus_PSTN	Hypothalamus_SO	Hypothalamus_STN	Hypothalamus_ZI	Midbrain_APN	Midbrain_CUN	Midbrain_IC	Midbrain_MEV	Midbrain_MRN	Midbrain_NOT	Midbrain_PPN	Midbrain_PPT	Midbrain_RR	Midbrain_SCm	Midbrain_SCs	Midbrain_SNc	Midbrain_SNr	Pons_NLL	Pons_PB	Pons_PG	Pons_PRNc	Pons_PRNr	Pons_SOC	Pons_V	Medulla_CU	Medulla_IRN	Medulla_LAV	Medulla_LI	Medulla_LRN	Medulla_MDRN	Medulla_MV	Medulla_MX	Medulla_PARN	Medulla_PGRNl	Medulla_SPIV	Medulla_SPVC	Medulla_SPVI	Medulla_SPVO	Medulla_SUV	Medulla_VII	Medulla_X	Cerebellum_ANcr1gr	Cerebellum_ANcr1mo	Cerebellum_ANcr2gr	Cerebellum_ANcr2mo	Cerebellum_CENT2gr	Cerebellum_CENT2mo	Cerebellum_CENT3gr	Cerebellum_CENT3mo	Cerebellum_COPYgr	Cerebellum_COPYmo	Cerebellum_CUL4,5gr	Cerebellum_CUL4,5mo	Cerebellum_DECgr	Cerebellum_DECmo	Cerebellum_FN	Cerebellum_FOTUgr	Cerebellum_FOTUmo	Cerebellum_IP	Cerebellum_NODgr	Cerebellum_NODmo	Cerebellum_PRMgr	Cerebellum_PRMmo	Cerebellum_PYRgr	Cerebellum_PYRmo	Cerebellum_SIMgr	Cerebellum_SIMmo	Cerebellum_UVUgr	Cerebellum_UVUmo
1	0.86873	0.90361	0.52708	0.51489	0.21425	0.63709	0.3538	0.01989	0.022638	0.052421	0.19726	0.47729	0.0069816	0.015168	0.032579	0.0051895	0.1284	0.52815	0.48728	0.22909	0.1282	0.20125	0.0035726	0.26801	0.053651	0.052099	0.00055715	0.05134	0.021383	0.0011149	0.031294	0.00059046	0.041443	4.5614e-05	1.641e-05	0.041012	0.038758	0.0017009	0.32061	0.17123	0.16209	0.44574	0.51056	0.38382	0.18042	0.59966	0.44911	0.54787	0.14891	0.025853	0.0012848	0.011258	0.035168	0.0074157	0.013515	0.058896	0.048443	0.030526	0.0028389	0.0027133	0.013634	0.0099769	0.013161	0.015466	0.0095753	0.010779	0.012704	0.029051	0.0028289	0.0044473	0.0026085	0.0022602	0.0023985	0.013131	0.0023654	0.0020937	0.0085512	0.001585	0.0066179	0.0018831	0.0060022	0.023041	0.0040523	0.0022844	0.0006726	0.0042326	0.029294	0.0017807	0.0016604	0.00071359	0.003645	0.0036699	0.0042671	0.00034144	0.024876	0.0048971	0.0076396	0.00064636	0.013814	0.0036909	0.0015092	0.0012518	0.0090583	0.0048336	0.0025858	0.0020336	0.0022316	0.00095112	0.001638	0.0027091	0.0041047	0.0066346	0.0052298	0.0081105	0.0049477	0.0072472	0.004409	0.0069181	0.004383	0.0073874	0.0017577	0.0020267	0.00038939	0.0036043	0.0065552	0.00080797	0.002618	0.0045283	0.0034513	0.0057876	0.0032108	0.0044226	0.0037211	0.0062202	0.0046122	0.0066984
0.86873	1	0.93701	0.79789	0.76678	0.45791	0.89467	0.61898	0.051896	0.068049	0.13338	0.28629	0.51518	0.018834	0.040798	0.07367	0.013596	0.23236	0.60975	0.56682	0.38181	0.24408	0.26546	0.01257	0.26834	0.10915	0.10002	0.002631	0.092973	0.045655	0.0028519	0.081987	0.0021388	0.080601	0.00021548	8.531e-05	0.047693	0.045814	0.0050189	0.60137	0.33036	0.30827	0.67976	0.70553	0.62038	0.37964	0.68201	0.59604	0.69281	0.23266	0.077889	0.0067662	0.040656	0.10193	0.027062	0.04257	0.12005	0.11204	0.066637	0.0095457	0.0084754	0.037722	0.028769	0.032793	0.037747	0.031436	0.037496	0.043778	0.082098	0.010348	0.018562	0.0093231	0.007167	0.0076601	0.045205	0.0083141	0.0073371	0.027898	0.005304	0.023185	0.0073082	0.022441	0.074811	0.01684	0.010453	0.0028432	0.013957	0.076263	0.0063291	0.0058575	0.0030271	0.013087	0.015521	0.015503	0.0017732	0.072036	0.017297	0.026448	0.003096	0.039927	0.013183	0.0061734	0.0061659	0.029725	0.018818	0.010495	0.008694	0.008907	0.0048119	0.0062103	0.013195	0.012797	0.027195	0.013836	0.030587	0.013992	0.027609	0.014827	0.028396	0.011722	0.027679	0.0043809	0.0072628	0.0022564	0.0094792	0.022085	0.0040392	0.0069135	0.017418	0.012321	0.024646	0.0082375	0.015425	0.011698	0.025757	0.012569	0.023645
0.90361	0.93701	1	0.60599	0.58972	0.31629	0.7229	0.4424	0.044165	0.043194	0.094703	0.27404	0.5802	0.010822	0.022285	0.043266	0.0065669	0.19435	0.66036	0.5925	0.38254	0.13206	0.17159	0.0049583	0.18195	0.073454	0.075683	0.0010178	0.064826	0.024998	0.00092995	0.046139	0.00072584	0.043079	7.0605e-05	2.6295e-05	0.029969	0.028571	0.0019543	0.49816	0.29978	0.28479	0.56065	0.61597	0.56538	0.29412	0.71319	0.53155	0.66874	0.18271	0.06009	0.0030882	0.022447	0.064355	0.013415	0.03741	0.12356	0.10806	0.066034	0.0091928	0.0083571	0.033472	0.026971	0.035028	0.035473	0.022382	0.021073	0.026454	0.056826	0.0061605	0.012868	0.0067715	0.0066464	0.0064453	0.029158	0.0066347	0.0058891	0.024702	0.0044121	0.019867	0.0054079	0.015954	0.056891	0.010175	0.0050328	0.0018934	0.010967	0.055861	0.0045444	0.0043316	0.0017992	0.0094773	0.008406	0.0097841	0.00095025	0.045633	0.013806	0.017587	0.0017183	0.024576	0.0089565	0.0036556	0.002743	0.021995	0.012564	0.0068243	0.0056049	0.0053117	0.0027788	0.0024196	0.0065301	0.0058911	0.015127	0.0074333	0.019429	0.007104	0.016062	0.0075976	0.017602	0.0056195	0.014911	0.0019075	0.003206	0.0012294	0.0045533	0.011937	0.0024976	0.0034665	0.0097944	0.005525	0.014968	0.0039601	0.0078915	0.0053115	0.014278	0.0067846	0.013743
0.52708	0.79789	0.60599	1	0.96166	0.76333	0.97289	0.91818	0.077329	0.15265	0.24904	0.2922	0.3462	0.047989	0.095024	0.14211	0.034831	0.29771	0.45453	0.426	0.37387	0.55515	0.42462	0.054683	0.32747	0.22266	0.1652	0.012626	0.16579	0.12759	0.010773	0.22434	0.0094167	0.19973	0.0012796	0.00060329	0.075436	0.073848	0.01625	0.7534	0.42527	0.35928	0.8391	0.73401	0.68494	0.6099	0.51249	0.59911	0.60271	0.27679	0.13676	0.027107	0.11545	0.20883	0.085511	0.067524	0.1323	0.14367	0.086775	0.013477	0.010743	0.062013	0.044893	0.040251	0.05495	0.070337	0.097445	0.10387	0.14334	0.023075	0.042483	0.017198	0.0097333	0.011212	0.095529	0.014013	0.01207	0.043521	0.0082639	0.038824	0.014607	0.045064	0.13961	0.045157	0.038583	0.0067528	0.022567	0.12202	0.011555	0.010523	0.0077879	0.025828	0.051068	0.034438	0.0060495	0.14982	0.031356	0.054976	0.0095434	0.080807	0.026549	0.016098	0.026265	0.053205	0.043228	0.024666	0.022845	0.022794	0.015934	0.030372	0.055096	0.04904	0.097116	0.043552	0.092382	0.046894	0.093392	0.053184	0.085822	0.040227	0.098101	0.015824	0.032172	0.0084126	0.032582	0.078864	0.011821	0.023703	0.064104	0.051395	0.076988	0.028396	0.059279	0.046303	0.092002	0.040487	0.080529
0.51489	0.76678	0.58972	0.96166	1	0.68705	0.92411	0.91432	0.090869	0.16722	0.27034	0.40921	0.43545	0.067101	0.094811	0.14286	0.031623	0.35451	0.5537	0.5239	0.44242	0.57309	0.5311	0.056361	0.39135	0.32426	0.25116	0.012529	0.25573	0.19069	0.0080627	0.28351	0.0072751	0.26895	0.0010748	0.00054679	0.1207	0.11849	0.014695	0.73488	0.50003	0.4183	0.91154	0.82721	0.7281	0.64436	0.60368	0.71093	0.70604	0.34061	0.12206	0.021419	0.10402	0.18907	0.06943	0.076257	0.17591	0.18176	0.12555	0.014296	0.011593	0.088678	0.061646	0.055647	0.083086	0.097424	0.079554	0.085831	0.1244	0.021715	0.044091	0.016117	0.010184	0.011119	0.081694	0.013844	0.011847	0.044939	0.0084431	0.039011	0.015074	0.040758	0.12929	0.041459	0.033178	0.0068922	0.021387	0.12566	0.011054	0.010338	0.0076146	0.026135	0.046891	0.0316	0.0061852	0.13241	0.033759	0.049753	0.0093008	0.065881	0.024702	0.015664	0.02221	0.049689	0.041066	0.023442	0.023377	0.022337	0.016673	0.025982	0.054294	0.045299	0.094817	0.040204	0.087787	0.04157	0.08585	0.048138	0.083794	0.035918	0.087038	0.014085	0.026192	0.0087835	0.03105	0.071122	0.012561	0.02101	0.057014	0.048633	0.078356	0.026123	0.051078	0.043002	0.088025	0.038099	0.073924
0.21425	0.45791	0.31629	0.76333	0.68705	1	0.68048	0.86112	0.16171	0.33619	0.46079	0.19319	0.1752	0.063473	0.17915	0.21457	0.066063	0.32567	0.2371	0.23742	0.36496	0.4885	0.20188	0.10554	0.10975	0.20015	0.14595	0.043402	0.1305	0.10641	0.017542	0.30967	0.026923	0.16543	0.0051793	0.0024521	0.026406	0.026372	0.034154	0.82598	0.46639	0.4139	0.61961	0.46459	0.61676	0.74575	0.24529	0.35128	0.34119	0.20525	0.36616	0.13048	0.31257	0.43826	0.23597	0.17191	0.16244	0.21223	0.10737	0.048064	0.035275	0.10176	0.086895	0.067851	0.077321	0.13413	0.28079	0.30716	0.34089	0.077076	0.15356	0.066362	0.033796	0.039808	0.30184	0.05307	0.046837	0.13189	0.031036	0.12829	0.058377	0.16704	0.38505	0.17278	0.14859	0.031072	0.079035	0.24409	0.044263	0.040454	0.033803	0.092096	0.18039	0.11744	0.03159	0.34924	0.10381	0.17362	0.045973	0.20746	0.095625	0.061888	0.10925	0.16811	0.15646	0.10141	0.093176	0.083926	0.072853	0.07283	0.20173	0.090366	0.27669	0.066611	0.25279	0.078938	0.24358	0.11941	0.2795	0.059014	0.24659	0.020006	0.074069	0.044886	0.045377	0.1664	0.056382	0.035906	0.16741	0.1168	0.25295	0.038211	0.13155	0.083706	0.26879	0.06242	0.18679
0.63709	0.89467	0.7229	0.97289	0.92411	0.68048	1	0.82818	0.066558	0.11899	0.20225	0.28708	0.39395	0.03767	0.076922	0.12164	0.028072	0.2767	0.50254	0.47047	0.37473	0.44573	0.36755	0.037833	0.31344	0.17078	0.13422	0.008339	0.13165	0.089229	0.0078875	0.15842	0.0064669	0.14611	0.00080558	0.00036307	0.064722	0.06293	0.011951	0.72378	0.39239	0.34561	0.80723	0.75843	0.66589	0.53664	0.57969	0.62432	0.65275	0.27784	0.11883	0.018984	0.090085	0.18037	0.066234	0.057581	0.12401	0.1288	0.075632	0.011688	0.0096962	0.050989	0.037186	0.035761	0.046322	0.053317	0.078755	0.085491	0.12837	0.018862	0.033338	0.014288	0.0086286	0.0098247	0.079032	0.011893	0.010245	0.037992	0.007064	0.033468	0.011717	0.037106	0.1188	0.034713	0.027837	0.0051609	0.019481	0.10948	0.0096581	0.0087576	0.0059651	0.02087	0.037568	0.027923	0.0041773	0.12711	0.026052	0.045751	0.0068718	0.069402	0.021844	0.012382	0.018199	0.045379	0.034482	0.019179	0.017092	0.017525	0.011246	0.020393	0.036726	0.035592	0.069053	0.033518	0.069064	0.035652	0.068495	0.038209	0.06213	0.030897	0.07243	0.012388	0.022984	0.0057596	0.02513	0.058307	0.0085478	0.018212	0.046515	0.03513	0.055056	0.021986	0.043341	0.033341	0.065869	0.031325	0.059611
0.3538	0.61898	0.4424	0.91818	0.91432	0.86112	0.82818	1	0.13421	0.26302	0.39275	0.32132	0.29589	0.070607	0.13729	0.18337	0.045824	0.35586	0.39319	0.37581	0.42446	0.62521	0.42399	0.081462	0.26447	0.32932	0.24403	0.023845	0.23922	0.19785	0.013012	0.39016	0.014893	0.292	0.0022339	0.0010823	0.075128	0.074596	0.025422	0.82034	0.51262	0.42701	0.81513	0.64541	0.74146	0.73056	0.40634	0.51788	0.51192	0.26724	0.19959	0.05072	0.17147	0.27208	0.11683	0.11897	0.18674	0.21704	0.13498	0.026922	0.020854	0.10825	0.083159	0.06832	0.092906	0.13303	0.13893	0.15067	0.19203	0.040917	0.082975	0.033651	0.019176	0.02178	0.15482	0.027463	0.024137	0.075907	0.01686	0.068679	0.030651	0.081648	0.21588	0.081742	0.06647	0.014959	0.041491	0.17598	0.023085	0.02142	0.016573	0.052015	0.088941	0.062822	0.014875	0.20389	0.060239	0.093386	0.021947	0.11344	0.049603	0.032284	0.047352	0.091868	0.079831	0.050088	0.048521	0.045979	0.035484	0.043416	0.10917	0.06227	0.1594	0.048667	0.14091	0.053627	0.13565	0.074117	0.1561	0.042605	0.13404	0.014936	0.038315	0.02041	0.034807	0.098214	0.027851	0.02445	0.086637	0.07834	0.14589	0.028955	0.072793	0.058585	0.14904	0.044407	0.10646
0.01989	0.051896	0.044165	0.077329	0.090869	0.16171	0.066558	0.13421	1	0.56636	0.63515	0.19129	0.10292	0.13548	0.17417	0.16874	0.039581	0.41856	0.085602	0.12634	0.37804	0.046191	0.020404	0.026804	0.0062369	0.13146	0.18601	0.038859	0.13236	0.044523	0.0010587	0.18759	0.0058668	0.056182	0.002577	0.0013248	0.006028	0.0062699	0.017445	0.2147	0.32519	0.46774	0.11516	0.10753	0.19823	0.25482	0.051831	0.094753	0.09301	0.13881	0.467	0.065338	0.19053	0.26822	0.06554	0.65631	0.40556	0.48061	0.28926	0.55685	0.58325	0.33646	0.41478	0.37846	0.32261	0.29923	0.15287	0.21845	0.33485	0.25133	0.49252	0.46797	0.57726	0.5198	0.38018	0.54966	0.51628	0.72353	0.5115	0.64229	0.57938	0.49534	0.52898	0.34428	0.10985	0.37632	0.53116	0.58856	0.41878	0.46603	0.27532	0.65861	0.22166	0.38477	0.23895	0.26209	0.76432	0.43234	0.2676	0.20079	0.46767	0.32166	0.076082	0.61253	0.52072	0.48338	0.53391	0.39023	0.34981	0.0062924	0.15395	0.012186	0.13504	0.0074872	0.12237	0.0079035	0.065803	0.019239	0.24776	0.0044779	0.051668	0.0013753	0.0065536	0.24561	0.005861	0.025679	0.42249	0.0033668	0.032606	0.021768	0.27461	0.0034115	0.016073	0.010216	0.12885	0.0084926	0.041318
0.022638	0.068049	0.043194	0.15265	0.16722	0.33619	0.11899	0.26302	0.56636	1	0.89127	0.16395	0.072711	0.28394	0.54974	0.48726	0.20063	0.4723	0.069089	0.1061	0.274	0.1832	0.057509	0.20576	0.019464	0.22089	0.20987	0.2405	0.19825	0.12742	0.016359	0.45964	0.063229	0.19142	0.030936	0.018225	0.019734	0.020596	0.11035	0.26583	0.31646	0.41253	0.18171	0.15633	0.20631	0.39298	0.050529	0.13547	0.10593	0.22578	0.55705	0.2891	0.5862	0.61426	0.33157	0.38832	0.1986	0.26693	0.14928	0.2026	0.18007	0.20556	0.20066	0.13925	0.17568	0.30921	0.46499	0.51957	0.56974	0.41193	0.50339	0.36024	0.21146	0.25128	0.58488	0.32472	0.27794	0.39563	0.24811	0.38938	0.39662	0.47321	0.57199	0.60969	0.42157	0.29973	0.34827	0.71047	0.30882	0.30458	0.33971	0.52692	0.57091	0.51027	0.30857	0.63107	0.52909	0.55789	0.39555	0.40747	0.46768	0.44225	0.33157	0.55259	0.59592	0.50073	0.57036	0.52079	0.48746	0.056404	0.40646	0.074819	0.34991	0.037988	0.25957	0.044811	0.19411	0.083257	0.40085	0.030669	0.19767	0.012945	0.053917	0.36417	0.039072	0.11487	0.42508	0.022969	0.1276	0.11454	0.42047	0.025006	0.08703	0.06448	0.34276	0.042536	0.1443
0.052421	0.13338	0.094703	0.24904	0.27034	0.46079	0.20225	0.39275	0.63515	0.89127	1	0.25813	0.14491	0.2082	0.39635	0.40237	0.13172	0.63206	0.14059	0.19651	0.45714	0.21415	0.0853	0.12835	0.031415	0.28618	0.28204	0.12142	0.2506	0.13737	0.0096152	0.46875	0.032418	0.1974	0.014468	0.0079911	0.024564	0.025304	0.060964	0.41978	0.51252	0.60602	0.30524	0.25373	0.36812	0.57741	0.10144	0.22065	0.18829	0.26383	0.63342	0.18921	0.46377	0.55848	0.25139	0.4787	0.32403	0.41092	0.24475	0.24396	0.20468	0.27995	0.27831	0.21914	0.25134	0.3407	0.3712	0.4454	0.54253	0.27956	0.45413	0.30457	0.22075	0.23765	0.52476	0.29126	0.25706	0.44573	0.22617	0.41566	0.33926	0.43696	0.63156	0.47939	0.27966	0.22872	0.32985	0.64831	0.23838	0.2472	0.20955	0.44903	0.41567	0.37137	0.19289	0.57077	0.50189	0.44669	0.23969	0.33971	0.37036	0.28383	0.19992	0.50963	0.48994	0.39471	0.44227	0.34966	0.33817	0.044354	0.32569	0.066137	0.33404	0.041876	0.28798	0.04681	0.20865	0.088487	0.41694	0.030325	0.19406	0.010767	0.046403	0.22464	0.034217	0.12057	0.29984	0.023549	0.13723	0.10056	0.41615	0.023272	0.087174	0.057155	0.32075	0.044999	0.15828
0.19726	0.28629	0.27404	0.2922	0.40921	0.19319	0.28708	0.32132	0.19129	0.16395	0.25813	1	0.72202	0.13922	0.056177	0.084306	0.011408	0.52386	0.71614	0.7403	0.70054	0.14732	0.26893	0.016525	0.15143	0.50569	0.62875	0.0058274	0.56002	0.21789	0.00050768	0.23878	0.00080359	0.20793	0.00022159	0.00014387	0.16821	0.16749	0.0037542	0.35193	0.63188	0.6398	0.50027	0.62659	0.47316	0.39668	0.58962	0.66976	0.69838	0.45835	0.081478	0.0053214	0.04647	0.094376	0.016528	0.14682	0.51238	0.41749	0.44144	0.03335	0.032014	0.31058	0.21399	0.23929	0.38013	0.2234	0.025874	0.032779	0.067829	0.019615	0.054908	0.018	0.024768	0.019421	0.038668	0.023008	0.018465	0.076481	0.017076	0.062451	0.025798	0.032182	0.094002	0.02867	0.012097	0.010154	0.026283	0.14368	0.013974	0.014926	0.0089633	0.034822	0.024867	0.023878	0.0066368	0.062427	0.063314	0.036192	0.0094188	0.022333	0.023	0.016048	0.0069933	0.045822	0.03759	0.021653	0.02809	0.021098	0.020337	0.002654	0.023057	0.0074883	0.039958	0.0070834	0.038569	0.0060898	0.026915	0.0082949	0.043593	0.0046982	0.022019	0.0017791	0.003484	0.011209	0.0062958	0.017275	0.018177	0.0032379	0.01667	0.0085933	0.047482	0.0042113	0.0098096	0.0068227	0.035019	0.0081716	0.023294
0.47729	0.51518	0.5802	0.3462	0.43545	0.1752	0.39395	0.29589	0.10292	0.072711	0.14491	0.72202	1	0.043031	0.028983	0.054604	0.0067878	0.41083	0.89505	0.96787	0.65105	0.094751	0.18754	0.0058074	0.15412	0.19519	0.25919	0.0015325	0.22693	0.062897	0.00032198	0.078937	0.0003655	0.077751	7.3174e-05	3.7467e-05	0.090654	0.087692	0.0016908	0.34661	0.47509	0.51122	0.50866	0.68839	0.49286	0.30165	0.79593	0.73528	0.83823	0.38322	0.057134	0.0020073	0.021379	0.05895	0.0089019	0.074221	0.32918	0.24376	0.22109	0.018742	0.018536	0.11952	0.088753	0.12166	0.15728	0.069482	0.014659	0.019612	0.050052	0.0086787	0.021324	0.0093679	0.01411	0.011349	0.023342	0.011625	0.0099064	0.042426	0.0090349	0.032034	0.010849	0.017162	0.057014	0.012356	0.0046108	0.0040188	0.015508	0.088345	0.0068766	0.007387	0.0031701	0.016098	0.0095294	0.011117	0.0018313	0.042725	0.029819	0.018453	0.002762	0.016752	0.011542	0.0056763	0.0023205	0.026611	0.016528	0.0093249	0.010093	0.0078243	0.0055524	0.0013606	0.0073761	0.0044181	0.016007	0.0053995	0.019175	0.0045507	0.013326	0.0053391	0.019026	0.0035617	0.011271	0.0012971	0.0018929	0.0024989	0.0040144	0.0093442	0.0051689	0.0024655	0.0079589	0.0043671	0.018597	0.0029403	0.005356	0.0039242	0.01443	0.0057119	0.011866
0.0069816	0.018834	0.010822	0.047989	0.067101	0.063473	0.03767	0.070607	0.13548	0.28394	0.2082	0.13922	0.043031	1	0.32144	0.32061	0.15486	0.28523	0.034154	0.06398	0.086701	0.1229	0.072623	0.24499	0.02934	0.21465	0.21394	0.1956	0.27448	0.21086	0.011038	0.23462	0.025628	0.23708	0.025193	0.026705	0.10377	0.10928	0.082314	0.052159	0.097782	0.1516	0.073809	0.10291	0.040644	0.10397	0.028217	0.11372	0.066778	0.38004	0.067996	0.035179	0.196	0.20769	0.1015	0.05669	0.058209	0.060574	0.049972	0.015426	0.018803	0.073347	0.042852	0.028123	0.074301	0.13729	0.10441	0.097847	0.11627	0.12036	0.083662	0.044317	0.023283	0.029562	0.073994	0.042254	0.032069	0.051483	0.031572	0.046953	0.061635	0.052157	0.071843	0.1139	0.11476	0.06099	0.042375	0.25787	0.044894	0.045111	0.085573	0.075372	0.15934	0.092439	0.078599	0.14472	0.081502	0.094877	0.072783	0.081899	0.074291	0.11957	0.094837	0.076347	0.10468	0.07217	0.10722	0.12336	0.13122	0.019221	0.090569	0.041896	0.089192	0.018046	0.04686	0.019624	0.040076	0.019143	0.051435	0.02175	0.055943	0.023527	0.029251	0.088472	0.049135	0.046143	0.084667	0.018559	0.034752	0.038043	0.065775	0.027775	0.034511	0.038576	0.085778	0.029734	0.044261
0.015168	0.040798	0.022285	0.095024	0.094811	0.17915	0.076922	0.13729	0.17417	0.54974	0.39635	0.056177	0.028983	0.32144	1	0.91905	0.74603	0.26926	0.023658	0.047656	0.078735	0.18308	0.044311	0.3695	0.023626	0.068871	0.058537	0.43911	0.07713	0.062065	0.12862	0.19406	0.28801	0.15087	0.13531	0.078306	0.02348	0.024539	0.45194	0.098489	0.079988	0.14315	0.082329	0.092088	0.060309	0.13658	0.019679	0.080369	0.050527	0.24788	0.24992	0.23271	0.58629	0.61564	0.48879	0.065436	0.028765	0.038066	0.016125	0.032262	0.037273	0.023248	0.019021	0.012413	0.020236	0.049326	0.56365	0.49762	0.52075	0.43872	0.14097	0.19225	0.059863	0.10516	0.3769	0.13616	0.10738	0.097828	0.1002	0.099881	0.14752	0.20179	0.20402	0.38122	0.45539	0.1493	0.15971	0.58344	0.19588	0.16709	0.30466	0.22726	0.47452	0.42343	0.17354	0.64305	0.15629	0.41647	0.26382	0.58525	0.31597	0.39453	0.41329	0.2887	0.31312	0.25301	0.24828	0.40166	0.21788	0.061538	0.15155	0.084556	0.13237	0.034824	0.081014	0.044565	0.073387	0.044064	0.096592	0.042947	0.11668	0.042565	0.083209	0.15107	0.074891	0.081261	0.15066	0.036885	0.063753	0.079883	0.097627	0.047401	0.074386	0.07167	0.1404	0.04475	0.074112
0.032579	0.07367	0.043266	0.14211	0.14286	0.21457	0.12164	0.18337	0.16874	0.48726	0.40237	0.084306	0.054604	0.32061	0.91905	1	0.72456	0.37499	0.042663	0.087395	0.11517	0.21781	0.06809	0.30121	0.043735	0.085307	0.078053	0.31721	0.10297	0.068093	0.12075	0.18727	0.21575	0.17477	0.099229	0.05626	0.039861	0.041198	0.41099	0.13067	0.10462	0.19092	0.12023	0.14763	0.083574	0.1632	0.036294	0.13376	0.087655	0.37941	0.23699	0.15623	0.48931	0.60876	0.41256	0.06432	0.037828	0.045303	0.019952	0.029192	0.034564	0.025206	0.01923	0.013937	0.023366	0.049728	0.46936	0.42802	0.51749	0.36962	0.11744	0.15728	0.053378	0.09269	0.32446	0.11255	0.091854	0.088355	0.084978	0.084161	0.11772	0.16762	0.18314	0.29638	0.3305	0.11517	0.14376	0.58392	0.1525	0.13384	0.21039	0.17634	0.33594	0.31176	0.11676	0.59218	0.1279	0.32069	0.16077	0.5194	0.24971	0.27237	0.27018	0.24568	0.23942	0.19005	0.17534	0.28045	0.14708	0.046663	0.10509	0.070941	0.09946	0.031662	0.063255	0.040084	0.056934	0.037305	0.072994	0.040473	0.092201	0.041228	0.067513	0.089481	0.06787	0.068149	0.10015	0.035242	0.050949	0.063225	0.073232	0.043869	0.060824	0.059867	0.10423	0.041199	0.060302
0.0051895	0.013596	0.0065669	0.034831	0.031623	0.066063	0.028072	0.045824	0.039581	0.20063	0.13172	0.011408	0.0067878	0.15486	0.74603	0.72456	1	0.10205	0.0049411	0.012692	0.017308	0.088806	0.015603	0.31063	0.010551	0.015562	0.011942	0.41686	0.019145	0.016972	0.27736	0.054408	0.47164	0.057494	0.30123	0.17852	0.010179	0.010628	0.6171	0.025966	0.017051	0.036631	0.024021	0.029719	0.013148	0.037761	0.0043994	0.026187	0.013759	0.12082	0.091371	0.14127	0.34631	0.34607	0.41524	0.011664	0.0040414	0.0054741	0.0018917	0.0058038	0.0071917	0.0029066	0.002139	0.0013077	0.0024874	0.008251	0.3811	0.29638	0.28385	0.25432	0.037159	0.072217	0.014276	0.032671	0.16788	0.042468	0.033284	0.021889	0.030912	0.022284	0.044797	0.068549	0.060163	0.17814	0.31539	0.060762	0.05586	0.25492	0.074557	0.060992	0.14997	0.071117	0.25178	0.18519	0.074438	0.38537	0.039256	0.17118	0.1046	0.41299	0.13203	0.1823	0.295	0.10348	0.11394	0.093763	0.082607	0.16952	0.077021	0.047782	0.053149	0.06178	0.045556	0.022366	0.025147	0.031545	0.026285	0.022746	0.025055	0.036778	0.055858	0.058324	0.081556	0.047675	0.070065	0.044896	0.043267	0.036882	0.029535	0.045153	0.024084	0.045739	0.047693	0.051378	0.050809	0.031583	0.032921
0.1284	0.23236	0.19435	0.29771	0.35451	0.32567	0.2767	0.35586	0.41856	0.4723	0.63206	0.52386	0.41083	0.28523	0.26926	0.37499	0.10205	1	0.32872	0.51543	0.67526	0.18376	0.13671	0.072286	0.072623	0.32915	0.40041	0.052162	0.3779	0.13257	0.0047542	0.26835	0.010369	0.18715	0.0060782	0.003845	0.078956	0.079655	0.033043	0.38056	0.59161	0.8065	0.40748	0.4941	0.37443	0.496	0.25101	0.51072	0.43343	0.66491	0.32811	0.043583	0.22895	0.38308	0.11854	0.28056	0.39025	0.37276	0.2669	0.11017	0.10712	0.24316	0.19207	0.19171	0.26854	0.24279	0.16368	0.20179	0.34255	0.13854	0.19151	0.11748	0.10838	0.11025	0.20639	0.12535	0.10937	0.2316	0.10216	0.18996	0.1384	0.1641	0.29381	0.18529	0.097691	0.090076	0.15274	0.50843	0.090252	0.099061	0.073233	0.16891	0.14975	0.13065	0.056578	0.32914	0.2321	0.17118	0.060153	0.16264	0.14366	0.10022	0.05725	0.22174	0.18606	0.13205	0.14858	0.11785	0.1117	0.014868	0.091574	0.033882	0.12367	0.025766	0.11306	0.026342	0.080489	0.036074	0.13006	0.020676	0.082567	0.010096	0.02317	0.057535	0.027421	0.063343	0.089771	0.018123	0.061091	0.037602	0.13347	0.01834	0.04281	0.029174	0.11735	0.032438	0.076098
0.52815	0.60975	0.66036	0.45453	0.5537	0.2371	0.50254	0.39319	0.085602	0.069089	0.14059	0.71614	0.89505	0.034154	0.023658	0.042663	0.0049411	0.32872	1	0.86458	0.64424	0.12823	0.2551	0.0059536	0.19573	0.23921	0.28192	0.0014178	0.23226	0.084245	0.00032091	0.10405	0.00034805	0.094347	5.6835e-05	2.8902e-05	0.086082	0.08348	0.0013873	0.46616	0.54694	0.49467	0.63194	0.75499	0.62931	0.37781	0.94274	0.74209	0.9033	0.2985	0.059618	0.0025184	0.023749	0.060944	0.0098254	0.079014	0.34221	0.27406	0.24783	0.016463	0.014876	0.13724	0.098365	0.12624	0.16069	0.083399	0.015857	0.020773	0.046813	0.0071944	0.023164	0.0076751	0.010631	0.0083344	0.024113	0.0093442	0.0077777	0.040559	0.0064255	0.032356	0.008994	0.017213	0.064731	0.012171	0.0049797	0.0029388	0.012704	0.071542	0.0053071	0.0054831	0.0024567	0.013378	0.0099722	0.010099	0.0015835	0.038451	0.02491	0.017811	0.0025308	0.01466	0.0097317	0.0049361	0.0026533	0.023784	0.01614	0.0084559	0.0091234	0.0069373	0.0055218	0.0016008	0.0093174	0.0046374	0.020806	0.0056581	0.024631	0.0048778	0.018203	0.0060119	0.023912	0.0037116	0.014653	0.0012055	0.0022936	0.0026579	0.0038183	0.012011	0.0049848	0.0024322	0.011267	0.0048048	0.023124	0.0029467	0.0069667	0.0042444	0.018467	0.0058777	0.015848
0.48728	0.56682	0.5925	0.426	0.5239	0.23742	0.47047	0.37581	0.12634	0.1061	0.19651	0.7403	0.96787	0.06398	0.047656	0.087395	0.012692	0.51543	0.86458	1	0.70672	0.13534	0.22611	0.011022	0.18247	0.24111	0.30755	0.0032719	0.27762	0.082611	0.00072821	0.10967	0.00083946	0.10803	0.0001877	9.8684e-05	0.11135	0.10821	0.0035789	0.41546	0.52977	0.58947	0.57944	0.77435	0.53417	0.36938	0.78219	0.81804	0.88818	0.49122	0.079161	0.0039115	0.035524	0.091442	0.016149	0.092405	0.34685	0.26704	0.22853	0.023244	0.022805	0.1349	0.097563	0.12463	0.16978	0.091567	0.024671	0.031967	0.076129	0.014875	0.032008	0.014131	0.018152	0.015747	0.036789	0.016451	0.014235	0.053987	0.012588	0.041227	0.015933	0.02582	0.077836	0.02037	0.0086188	0.0065332	0.022597	0.12484	0.010325	0.010961	0.0053094	0.02306	0.01587	0.017159	0.0033058	0.065919	0.04005	0.027388	0.0045936	0.026973	0.017721	0.0091741	0.0044532	0.038236	0.024937	0.014718	0.01539	0.012425	0.0091588	0.0025839	0.012497	0.0074535	0.024414	0.008072	0.026931	0.0072001	0.019509	0.0086196	0.027812	0.00585	0.017613	0.0022867	0.0034137	0.004179	0.0064892	0.014319	0.0081899	0.0039892	0.012095	0.0075496	0.027555	0.0047278	0.0085504	0.0066138	0.022178	0.0086329	0.017352
0.22909	0.38181	0.38254	0.37387	0.44242	0.36496	0.37473	0.42446	0.37804	0.274	0.45714	0.70054	0.65105	0.086701	0.078735	0.11517	0.017308	0.67526	0.64424	0.70672	1	0.1212	0.12527	0.016586	0.063807	0.31068	0.40914	0.0093303	0.29769	0.089883	0.00066602	0.20063	0.0015295	0.10351	0.00047723	0.00025228	0.039851	0.039641	0.0053136	0.61442	0.86077	0.93372	0.53507	0.58306	0.68317	0.59253	0.50625	0.55927	0.63458	0.36774	0.27103	0.01907	0.099459	0.20064	0.039724	0.38944	0.73745	0.68633	0.52637	0.14082	0.123	0.40425	0.35584	0.40921	0.43058	0.28491	0.06994	0.099064	0.1924	0.0525	0.16593	0.069538	0.096086	0.07655	0.13342	0.08556	0.076395	0.25151	0.065244	0.20849	0.088137	0.12586	0.29158	0.090289	0.032458	0.037263	0.10465	0.27845	0.048725	0.053449	0.025578	0.10716	0.059629	0.066188	0.020612	0.15031	0.18435	0.10119	0.025785	0.06521	0.075772	0.039985	0.017637	0.1516	0.11362	0.075069	0.080636	0.052528	0.053763	0.0046776	0.05383	0.01078	0.082524	0.010214	0.091757	0.0097935	0.059163	0.017806	0.1197	0.0063338	0.045783	0.0017916	0.0062497	0.029088	0.0065511	0.030133	0.052912	0.0045353	0.035561	0.014806	0.12107	0.0045887	0.017944	0.0094353	0.0752	0.011121	0.044684
0.1282	0.24408	0.13206	0.55515	0.57309	0.4885	0.44573	0.62521	0.046191	0.1832	0.21415	0.14732	0.094751	0.1229	0.18308	0.21781	0.088806	0.18376	0.12823	0.13534	0.1212	1	0.59314	0.25158	0.38551	0.2951	0.16011	0.053286	0.22187	0.35964	0.060891	0.43763	0.047677	0.53661	0.0080105	0.0049436	0.16637	0.16746	0.065217	0.31209	0.18456	0.14971	0.46067	0.36111	0.26131	0.3716	0.14778	0.29787	0.22207	0.21808	0.071887	0.045394	0.16476	0.19907	0.1451	0.027119	0.041888	0.051769	0.034411	0.0041763	0.0033941	0.031682	0.019211	0.012135	0.026642	0.060028	0.12065	0.10256	0.099726	0.026295	0.02935	0.011656	0.003785	0.0054587	0.074528	0.0078615	0.0062937	0.017875	0.0044293	0.016999	0.010215	0.028005	0.076128	0.047989	0.07366	0.0065891	0.011811	0.096358	0.0089076	0.0076632	0.010965	0.020326	0.085793	0.037755	0.010285	0.14904	0.01889	0.05054	0.015652	0.086159	0.022727	0.023311	0.065049	0.034774	0.038595	0.022607	0.025267	0.031795	0.022782	0.10865	0.10224	0.14191	0.14463	0.089355	0.09586	0.10113	0.11883	0.094299	0.084891	0.10544	0.15333	0.06334	0.091834	0.013991	0.10611	0.13844	0.013794	0.061408	0.09099	0.14074	0.082162	0.088674	0.11703	0.14059	0.13719	0.087301	0.11489
0.20125	0.26546	0.17159	0.42462	0.5311	0.20188	0.36755	0.42399	0.020404	0.057509	0.0853	0.26893	0.18754	0.072623	0.044311	0.06809	0.015603	0.13671	0.2551	0.22611	0.12527	0.59314	1	0.04937	0.80492	0.39834	0.25541	0.0065774	0.35693	0.46437	0.0072803	0.29069	0.0038591	0.56378	0.00050446	0.00033573	0.46205	0.45867	0.01046	0.20357	0.16429	0.11935	0.45304	0.42777	0.2387	0.22077	0.28929	0.39812	0.33756	0.2129	0.015832	0.0037147	0.028468	0.046904	0.01823	0.011441	0.047755	0.045498	0.045203	0.0011987	0.0010578	0.03033	0.015049	0.011633	0.031461	0.042632	0.016532	0.014988	0.020453	0.0044283	0.0067757	0.0019643	0.00098702	0.0011704	0.011963	0.0015605	0.0012265	0.0051264	0.00093002	0.0042861	0.0020178	0.0047705	0.017918	0.0068895	0.0078677	0.00096969	0.0023571	0.030389	0.0014809	0.0013494	0.0014463	0.0039868	0.011387	0.0058772	0.001256	0.02752	0.0046166	0.0086448	0.0018601	0.01248	0.0036768	0.0034703	0.0059722	0.0067904	0.006593	0.0033987	0.0041709	0.005009	0.0034979	0.011754	0.015091	0.022624	0.026397	0.017503	0.018232	0.017055	0.020863	0.01433	0.015668	0.018694	0.023811	0.010888	0.010403	0.0018414	0.021208	0.024592	0.002201	0.010602	0.015016	0.020992	0.016126	0.017277	0.017543	0.022853	0.023138	0.017796	0.021452
0.0035726	0.01257	0.0049583	0.054683	0.056361	0.10554	0.037833	0.081462	0.026804	0.20576	0.12835	0.016525	0.0058074	0.24499	0.3695	0.30121	0.31063	0.072286	0.0059536	0.011022	0.016586	0.25158	0.04937	1	0.020682	0.063726	0.031643	0.47984	0.051636	0.104	0.16137	0.18169	0.27533	0.16601	0.18688	0.16999	0.026479	0.027708	0.22951	0.037053	0.03064	0.035291	0.050114	0.041653	0.022065	0.08498	0.0065304	0.03771	0.017879	0.09005	0.05583	0.16928	0.32673	0.22523	0.39425	0.0131	0.0063986	0.0097101	0.0053429	0.0028207	0.0023325	0.0093708	0.0058293	0.0025319	0.0069322	0.032914	0.23127	0.16958	0.10989	0.071962	0.03908	0.018695	0.0035489	0.006619	0.090829	0.01122	0.0086407	0.013075	0.0065749	0.013854	0.018384	0.033697	0.052733	0.11993	0.30856	0.02395	0.014255	0.10139	0.016484	0.014364	0.045271	0.03244	0.27143	0.071216	0.053066	0.22485	0.025752	0.072243	0.059452	0.13673	0.041512	0.070914	0.31827	0.041084	0.067089	0.04662	0.062396	0.082345	0.082118	0.3701	0.24022	0.3746	0.22619	0.14663	0.1114	0.19471	0.14905	0.17346	0.094709	0.22706	0.25929	0.22423	0.3116	0.062122	0.30125	0.22538	0.041207	0.16129	0.14325	0.34931	0.099159	0.22284	0.23051	0.35977	0.23305	0.17679	0.16002
0.26801	0.26834	0.18195	0.32747	0.39135	0.10975	0.31344	0.26447	0.0062369	0.019464	0.031415	0.15143	0.15412	0.02934	0.023626	0.043735	0.010551	0.072623	0.19573	0.18247	0.063807	0.38551	0.80492	0.020682	1	0.15401	0.10133	0.0021618	0.15958	0.18543	0.0071782	0.10036	0.0022663	0.29825	0.00020023	0.00011651	0.42439	0.41452	0.0070324	0.11219	0.068822	0.055906	0.28901	0.32682	0.13031	0.095642	0.24447	0.30861	0.26777	0.16328	0.0054187	0.0010262	0.010505	0.021884	0.0077827	0.0027901	0.0161	0.013688	0.012397	0.00025964	0.00025957	0.0069241	0.0031084	0.0027032	0.0077825	0.0096038	0.0068618	0.0058765	0.0095433	0.0016536	0.0015507	0.00058113	0.00025629	0.00034576	0.0042616	0.00042418	0.00033093	0.0013047	0.00025148	0.0010505	0.00047929	0.0013537	0.0054482	0.0019153	0.0024139	0.00022081	0.00072703	0.013572	0.00045364	0.00038799	0.00040275	0.0010504	0.0031837	0.0019549	0.00025616	0.012303	0.0011086	0.0029559	0.00043582	0.0061576	0.0011597	0.001008	0.0017596	0.0021828	0.0017956	0.00088052	0.00092266	0.0014366	0.00068541	0.0041148	0.0030736	0.0086559	0.0060711	0.0070187	0.0042229	0.0068525	0.0051601	0.0042698	0.0032552	0.0087376	0.0068856	0.006673	0.0039903	0.00031785	0.010256	0.0077583	0.00041246	0.004867	0.0039176	0.0064227	0.0032103	0.0086002	0.0057312	0.0086385	0.0054247	0.0070387	0.0059067
0.053651	0.10915	0.073454	0.22266	0.32426	0.20015	0.17078	0.32932	0.13146	0.22089	0.28618	0.50569	0.19519	0.21465	0.068871	0.085307	0.015562	0.32915	0.23921	0.24111	0.31068	0.2951	0.39834	0.063726	0.15401	1	0.87299	0.022327	0.88991	0.72958	0.0017008	0.67082	0.0028995	0.57291	0.0010972	0.00092403	0.23723	0.24266	0.0096439	0.24268	0.42978	0.33375	0.36467	0.32221	0.28844	0.38404	0.1998	0.32565	0.28119	0.246	0.060726	0.014177	0.070518	0.091292	0.029222	0.11654	0.29043	0.29204	0.3526	0.019252	0.014987	0.3312	0.19751	0.14727	0.33752	0.41907	0.032272	0.036272	0.048696	0.020711	0.070239	0.014238	0.012237	0.010846	0.040349	0.015049	0.012579	0.047382	0.010261	0.039958	0.0236	0.02988	0.078973	0.039239	0.026754	0.012351	0.017739	0.093477	0.010218	0.011133	0.01048	0.031073	0.043877	0.022826	0.015074	0.056952	0.048475	0.030751	0.014893	0.019448	0.019978	0.018959	0.018345	0.034385	0.03954	0.025336	0.037652	0.026205	0.039186	0.012933	0.081939	0.02294	0.10002	0.015168	0.068426	0.014792	0.057954	0.025259	0.08975	0.011978	0.049316	0.0043117	0.010503	0.024698	0.01396	0.039144	0.029807	0.0073159	0.03791	0.034824	0.10618	0.009579	0.024147	0.022261	0.083691	0.01686	0.047555
0.052099	0.10002	0.075683	0.1652	0.25116	0.14595	0.13422	0.24403	0.18601	0.20987	0.28204	0.62875	0.25919	0.21394	0.058537	0.078053	0.011942	0.40041	0.28192	0.30755	0.40914	0.16011	0.25541	0.031643	0.10133	0.87299	1	0.015769	0.91056	0.47582	0.00073613	0.4793	0.0014738	0.38206	0.0006103	0.00049679	0.18548	0.18992	0.0071879	0.2217	0.4494	0.41558	0.28586	0.30084	0.26176	0.30633	0.21464	0.31686	0.30049	0.28412	0.062895	0.0096161	0.054281	0.082897	0.018336	0.16664	0.44216	0.40163	0.48684	0.03395	0.029757	0.45015	0.27705	0.23825	0.49295	0.48917	0.024716	0.030611	0.051253	0.02675	0.088272	0.020557	0.023239	0.019191	0.040295	0.024299	0.021017	0.069086	0.018098	0.056132	0.035607	0.036421	0.081415	0.038889	0.019337	0.017717	0.02773	0.11612	0.015222	0.017245	0.013285	0.040347	0.033095	0.024578	0.017691	0.048049	0.06699	0.03252	0.016091	0.016788	0.025197	0.021487	0.012015	0.04263	0.04404	0.03035	0.041892	0.028519	0.041949	0.0043324	0.051762	0.0086041	0.057776	0.0054623	0.039935	0.0053106	0.028938	0.010197	0.063316	0.0041344	0.023632	0.0014701	0.0038686	0.025979	0.0052515	0.016896	0.036012	0.002562	0.018	0.013885	0.079034	0.0032903	0.0096515	0.0080496	0.047853	0.006439	0.022563
0.00055715	0.002631	0.0010178	0.012626	0.012529	0.043402	0.008339	0.023845	0.038859	0.2405	0.12142	0.0058274	0.0015325	0.1956	0.43911	0.31721	0.41686	0.052162	0.0014178	0.0032719	0.0093303	0.053286	0.0065774	0.47984	0.0021618	0.022327	0.015769	1	0.020736	0.025538	0.10312	0.088631	0.36028	0.050803	0.44896	0.38879	0.0038565	0.0041611	0.39932	0.015379	0.013557	0.023385	0.010343	0.01003	0.0063161	0.030484	0.0012274	0.0085814	0.0043375	0.044409	0.083378	0.37301	0.44089	0.28229	0.4423	0.022762	0.0047512	0.0077814	0.0032264	0.0092943	0.0089308	0.008011	0.0055847	0.0024585	0.0053711	0.032323	0.34663	0.27966	0.18827	0.3012	0.10543	0.079006	0.015166	0.030177	0.18137	0.049517	0.04005	0.030197	0.031691	0.034002	0.076223	0.097521	0.074189	0.30421	0.59534	0.1128	0.057744	0.16801	0.072866	0.063859	0.21059	0.090432	0.41572	0.18157	0.23921	0.25522	0.060451	0.15797	0.21797	0.20108	0.13633	0.24309	0.60049	0.1001	0.169	0.15199	0.1639	0.23094	0.25698	0.081889	0.21272	0.067661	0.11978	0.016854	0.050343	0.026845	0.053407	0.035155	0.069575	0.027583	0.096184	0.029874	0.096033	0.21726	0.045173	0.061301	0.14384	0.023043	0.057599	0.080451	0.079641	0.027543	0.062978	0.059194	0.12589	0.02485	0.052405
0.05134	0.092973	0.064826	0.16579	0.25573	0.1305	0.13165	0.23922	0.13236	0.19825	0.2506	0.56002	0.22693	0.27448	0.07713	0.10297	0.019145	0.3779	0.23226	0.27762	0.29769	0.22187	0.35693	0.051636	0.15958	0.88991	0.91056	0.020736	1	0.63152	0.0016788	0.52138	0.0026312	0.5569	0.0010449	0.00088664	0.33863	0.3466	0.012044	0.16995	0.33735	0.31802	0.27713	0.29855	0.20766	0.26083	0.18364	0.32592	0.27413	0.32943	0.044172	0.0085083	0.052962	0.077294	0.020669	0.090117	0.26307	0.23563	0.29304	0.016252	0.014693	0.2647	0.15052	0.12221	0.30587	0.32644	0.024086	0.027065	0.043428	0.022652	0.052946	0.01385	0.012702	0.011739	0.031014	0.014953	0.012517	0.038493	0.011207	0.031077	0.022393	0.023313	0.053931	0.030536	0.01913	0.012342	0.017365	0.10282	0.010835	0.011889	0.011091	0.028729	0.031412	0.020736	0.013488	0.04883	0.043283	0.026289	0.013171	0.017268	0.01903	0.018456	0.012577	0.03029	0.031955	0.021568	0.031046	0.024423	0.03076	0.0066535	0.044909	0.013263	0.051721	0.0082048	0.033353	0.0078764	0.026605	0.01225	0.046977	0.0068622	0.024452	0.0030543	0.0055728	0.018476	0.0094571	0.019492	0.023986	0.0043188	0.017319	0.01883	0.057894	0.0059871	0.011721	0.012523	0.043364	0.0095749	0.022799
0.021383	0.045655	0.024998	0.12759	0.19069	0.10641	0.089229	0.19785	0.044523	0.12742	0.13737	0.21789	0.062897	0.21086	0.062065	0.068093	0.016972	0.13257	0.084245	0.082611	0.089883	0.35964	0.46437	0.104	0.18543	0.72958	0.47582	0.025538	0.63152	1	0.0040771	0.64391	0.0050906	0.80028	0.001581	0.0014827	0.33029	0.34209	0.013669	0.098515	0.15296	0.10856	0.19853	0.1618	0.11625	0.1838	0.076572	0.15989	0.11552	0.13785	0.020516	0.0091802	0.048301	0.050533	0.023487	0.027745	0.069444	0.07573	0.095714	0.0034019	0.0027547	0.096085	0.04979	0.02986	0.094222	0.16492	0.021032	0.019475	0.020672	0.0098021	0.022332	0.0046693	0.0025927	0.0027379	0.017349	0.0041895	0.0032312	0.011636	0.0026571	0.010274	0.0071646	0.0098248	0.027422	0.018064	0.019573	0.004304	0.0048544	0.042062	0.0037386	0.0037237	0.0054306	0.011545	0.030818	0.012369	0.0076117	0.031497	0.014339	0.015426	0.0085611	0.012132	0.0082451	0.011161	0.016625	0.012426	0.016981	0.010163	0.016871	0.01538	0.019346	0.018377	0.056745	0.030623	0.068531	0.017671	0.038528	0.017244	0.039348	0.021696	0.042972	0.016613	0.039302	0.0084655	0.013452	0.013016	0.022595	0.035966	0.012585	0.0099203	0.027511	0.039565	0.051468	0.015816	0.024392	0.031198	0.057875	0.019824	0.036481
0.0011149	0.0028519	0.00092995	0.010773	0.0080627	0.017542	0.0078875	0.013012	0.0010587	0.016359	0.0096152	0.00050768	0.00032198	0.011038	0.12862	0.12075	0.27736	0.0047542	0.00032091	0.00072821	0.00066602	0.060891	0.0072803	0.16137	0.0071782	0.0017008	0.00073613	0.10312	0.0016788	0.0040771	1	0.010634	0.63005	0.019599	0.12853	0.064744	0.0027177	0.0028238	0.43123	0.0037305	0.00085195	0.0014496	0.0037692	0.0035616	0.0013953	0.0041499	0.00040123	0.0025726	0.0012288	0.0091937	0.0049217	0.034494	0.050822	0.043219	0.1092	0.00025799	8.5065e-05	0.00013877	3.721e-05	6.9119e-05	7.8879e-05	5.8272e-05	3.4333e-05	1.4945e-05	4.0183e-05	0.00032236	0.065864	0.037425	0.025254	0.018048	0.0014353	0.0026014	0.00018359	0.0006609	0.017117	0.00094309	0.00074244	0.00043229	0.00052545	0.00048893	0.0010669	0.0034388	0.0033277	0.011983	0.053562	0.0016314	0.0016706	0.013829	0.002685	0.0017601	0.0073176	0.0024026	0.027048	0.0139	0.0041352	0.044226	0.00084063	0.012296	0.0072464	0.061556	0.0066466	0.011104	0.067455	0.0047169	0.0057849	0.0047452	0.0032815	0.011353	0.0034724	0.045218	0.0087065	0.029938	0.0063701	0.0077541	0.002449	0.013187	0.0040874	0.0072804	0.0023976	0.020818	0.012073	0.043952	0.040271	0.0024201	0.028799	0.01015	0.001592	0.013668	0.0046824	0.021104	0.0021995	0.022002	0.013616	0.02693	0.0072133	0.0083596	0.0050252
