Isocortex_FRP	Isocortex_MO	Isocortex_ORB	Isocortex_PTLp	Isocortex_RSPd	Isocortex_RSPv	Isocortex_SS	Isocortex_VIS	OlfactoryAreas_AOBgl	OlfactoryAreas_AOBgr	OlfactoryAreas_AOBmi	OlfactoryAreas_AON1	OlfactoryAreas_AON2	OlfactoryAreas_MOBgl	OlfactoryAreas_MOBgr	OlfactoryAreas_MOBipl	OlfactoryAreas_MOBmi	OlfactoryAreas_MOBopl	OlfactoryAreas_PIR1	OlfactoryAreas_PIR2	OlfactoryAreas_PIR3	Hippocampus_CA1slm	Hippocampus_CA1so	Hippocampus_CA1sp	Hippocampus_CA1sr	Hippocampus_CA2slm	Hippocampus_CA2so	Hippocampus_CA2sp	Hippocampus_CA2sr	Hippocampus_CA3slm	Hippocampus_CA3slu	Hippocampus_CA3so	Hippocampus_CA3sp	Hippocampus_CA3sr	Hippocampus_DGgrInf	Hippocampus_DGgrSup	Hippocampus_DGmoInf	Hippocampus_DGmoSup	Hippocampus_DGpo	Hippocampus_DgmoInf	CorticalSubplate_CLA	CorticalSubplate_EPd	Striatum_ACBc	Striatum_ACBsh	Striatum_CP	Striatum_FS	Striatum_OT1	Striatum_OT2	Striatum_OT3	Striatum_isl	Pallidum_BST	Pallidum_GPi	Pallidum_MA	Pallidum_NDB	Pallidum_SI	Thalamus_AV	Thalamus_LD	Thalamus_LP	Thalamus_Others	Thalamus_PO	Thalamus_RT	Thalamus_SPFp	Thalamus_VAL	Thalamus_VM	Thalamus_VPL	Thalamus_VPM	Thalamus_VPMpc	Hypothalamus_LHA	Hypothalamus_LM	Hypothalamus_LPO	Hypothalamus_PSTN	Hypothalamus_SO	Hypothalamus_STN	Hypothalamus_ZI	Midbrain_APN	Midbrain_CUN	Midbrain_IC	Midbrain_MEV	Midbrain_MRN	Midbrain_NOT	Midbrain_PPN	Midbrain_PPT	Midbrain_RN	Midbrain_RR	Midbrain_SCm	Midbrain_SCs	Midbrain_SNc	Midbrain_SNr	Pons_NLL	Pons_PB	Pons_PG	Pons_PRNc	Pons_PRNr	Pons_SOC	Pons_SUT	Pons_V	Medulla_AMB	Medulla_CU	Medulla_ECU	Medulla_IRN	Medulla_LAV	Medulla_LI	Medulla_LRN	Medulla_MDRN	Medulla_MV	Medulla_MX	Medulla_PARN	Medulla_PGRNl	Medulla_SOL	Medulla_SPIV	Medulla_SPVC	Medulla_SPVI	Medulla_SPVO	Medulla_SUV	Medulla_VII	Cerebellum_ANcr1gr	Cerebellum_ANcr1mo	Cerebellum_ANcr2gr	Cerebellum_ANcr2mo	Cerebellum_CENT2gr	Cerebellum_CENT2mo	Cerebellum_CENT3gr	Cerebellum_CENT3mo	Cerebellum_COPYgr	Cerebellum_COPYmo	Cerebellum_CUL4,5gr	Cerebellum_CUL4,5mo	Cerebellum_DECgr	Cerebellum_DECmo	Cerebellum_FN	Cerebellum_FOTUgr	Cerebellum_FOTUmo	Cerebellum_IP	Cerebellum_NODgr	Cerebellum_NODmo	Cerebellum_PRMgr	Cerebellum_PRMmo	Cerebellum_PYRgr	Cerebellum_PYRmo	Cerebellum_SIMgr	Cerebellum_SIMmo	Cerebellum_UVUgr	Cerebellum_UVUmo
1	0.88563	0.96811	0.93907	0.67721	0.52215	0.90949	0.76647	0.23177	0.11435	0.12043	0.36782	0.44593	0.054496	0.2394	0.25256	0.25098	0.1664	0.48349	0.46099	0.43932	0.3665	0.24655	0.22862	0.24362	0.11902	0.085943	0.19844	0.074518	0.093713	0.45229	0.10051	0.37562	0.12105	0.095267	0.072864	0.05892	0.054561	0.38292	0.28397	0.47432	0.41365	0.7028	0.62227	0.77516	0.38303	0.65922	0.45479	0.50322	0.2817	0.12363	0.0061535	0.037293	0.096553	0.066201	0.29623	0.18103	0.23874	0.30558	0.23873	0.20379	0.16791	0.23225	0.11319	0.13317	0.16648	0.1277	0.13757	0.16396	0.13407	0.14355	0.26906	0.20213	0.11849	0.090871	0.091304	0.14648	0.15956	0.092553	0.098857	0.085291	0.074379	0.10619	0.075296	0.070235	0.10299	0.11985	0.082217	0.12002	0.085663	0.17455	0.21065	0.13583	0.13748	0.11457	0.093788	0.12944	0.17839	0.10033	0.04834	0.20697	0.12217	0.20913	0.15199	0.23482	0.15728	0.2552	0.17669	0.21767	0.20084	0.11405	0.27415	0.15748	0.39579	0.19688	0.071951	0.071392	0.027922	0.033284	0.065538	0.072594	0.12522	0.12126	0.00098433	0.0014346	0.13686	0.105	0.20035	0.15928	0.081534	0.14644	0.17962	0.086895	0.16649	0.1532	0.024369	0.029147	0.1501	0.18329	0.0012673	0.0014484	0.0033642	0.10945
0.88563	1	0.94466	0.93901	0.90041	0.76863	0.99253	0.95741	0.38061	0.2261	0.24094	0.43119	0.44054	0.11599	0.3817	0.39093	0.3928	0.27824	0.53885	0.51579	0.62249	0.4002	0.22573	0.35855	0.17628	0.16927	0.12525	0.33201	0.10724	0.13731	0.57856	0.17322	0.52723	0.16622	0.17457	0.13596	0.058433	0.052581	0.51626	0.41729	0.68271	0.63301	0.86225	0.80215	0.92827	0.62571	0.84851	0.66739	0.71701	0.47121	0.22264	0.013514	0.070862	0.17548	0.13478	0.37846	0.30224	0.32929	0.43115	0.36002	0.2959	0.29927	0.36947	0.2032	0.24542	0.28118	0.21192	0.24292	0.25511	0.24018	0.23094	0.38474	0.29366	0.20483	0.1553	0.15889	0.23464	0.26727	0.15581	0.17366	0.14093	0.13047	0.17967	0.14138	0.12591	0.17422	0.2067	0.15369	0.17299	0.15445	0.28487	0.34433	0.23637	0.2479	0.19642	0.16753	0.21506	0.33912	0.17738	0.10216	0.35096	0.24296	0.38041	0.29116	0.37739	0.29754	0.41676	0.26653	0.36304	0.33733	0.19714	0.41856	0.29219	0.56144	0.28358	0.14768	0.16761	0.062253	0.084204	0.12704	0.16077	0.22387	0.25414	0.002574	0.0041727	0.23279	0.22967	0.33073	0.31865	0.18264	0.26653	0.35285	0.18841	0.30112	0.31218	0.054975	0.073392	0.27094	0.35041	0.0031775	0.0044274	0.0074938	0.2131
0.96811	0.94466	1	0.98889	0.79372	0.64281	0.96547	0.85067	0.31632	0.17459	0.17904	0.46809	0.52743	0.089909	0.32535	0.34169	0.33717	0.23804	0.58806	0.56077	0.55919	0.44978	0.29077	0.32068	0.26358	0.16799	0.12386	0.27166	0.1078	0.13426	0.55154	0.14991	0.4645	0.16934	0.14189	0.11045	0.077262	0.071191	0.48588	0.36623	0.60223	0.52982	0.82435	0.75827	0.87688	0.5066	0.79427	0.58683	0.64242	0.38406	0.1738	0.0083683	0.051235	0.13674	0.0975	0.38402	0.26075	0.32222	0.40817	0.32292	0.28574	0.21974	0.2989	0.17306	0.19844	0.2411	0.18985	0.1897	0.2213	0.1859	0.20035	0.33354	0.24594	0.15685	0.12297	0.12521	0.19437	0.2116	0.12305	0.13864	0.12101	0.10031	0.14481	0.10737	0.097051	0.13917	0.16899	0.11788	0.1595	0.11834	0.22685	0.28388	0.17638	0.18292	0.1465	0.12285	0.18211	0.24387	0.13513	0.076428	0.26391	0.15689	0.28694	0.2025	0.28229	0.2035	0.31285	0.24133	0.27243	0.24622	0.15175	0.31762	0.20796	0.46212	0.21878	0.10292	0.10236	0.040504	0.047033	0.090692	0.10212	0.1735	0.17358	0.0014088	0.0020351	0.1875	0.15231	0.28246	0.23104	0.11169	0.21269	0.25099	0.10959	0.24162	0.22421	0.035869	0.042203	0.22085	0.26168	0.0017342	0.0020599	0.0041908	0.15818
0.93907	0.93901	0.98889	1	0.8246	0.66417	0.96764	0.87227	0.33619	0.19677	0.19908	0.53459	0.58499	0.10688	0.34329	0.3695	0.35625	0.27297	0.64899	0.61197	0.60005	0.50879	0.34633	0.3499	0.30695	0.20987	0.15641	0.284	0.1377	0.17117	0.58003	0.18205	0.47081	0.21287	0.15811	0.12475	0.10121	0.093543	0.53625	0.38977	0.64265	0.55937	0.86325	0.80966	0.88698	0.54623	0.84165	0.63867	0.69871	0.41608	0.18453	0.0087871	0.054989	0.14766	0.10491	0.42356	0.28917	0.35978	0.44265	0.35722	0.32998	0.21729	0.29497	0.20149	0.22155	0.26888	0.22285	0.19666	0.22076	0.19296	0.21329	0.33057	0.24748	0.15837	0.12698	0.13129	0.2004	0.21318	0.12479	0.14703	0.12611	0.10312	0.14982	0.11209	0.10051	0.14317	0.1817	0.12517	0.16069	0.1204	0.22934	0.29697	0.17504	0.18293	0.14477	0.12355	0.18945	0.24951	0.13173	0.081826	0.25824	0.15381	0.29711	0.20523	0.26976	0.19942	0.30419	0.24756	0.26513	0.23787	0.14852	0.30157	0.20713	0.44062	0.20497	0.10912	0.10689	0.043391	0.048732	0.095674	0.10647	0.18314	0.1827	0.0015015	0.002113	0.19799	0.16071	0.30035	0.24398	0.10953	0.22906	0.26267	0.10615	0.25996	0.23798	0.038759	0.044315	0.23829	0.27564	0.0018129	0.0021261	0.0041569	0.16913
0.67721	0.90041	0.79372	0.8246	1	0.93937	0.88186	0.9566	0.56086	0.40636	0.41751	0.55137	0.47708	0.24417	0.54353	0.5531	0.54	0.44877	0.6363	0.58921	0.7883	0.49408	0.26707	0.53024	0.17285	0.28112	0.21337	0.46599	0.18363	0.23932	0.68176	0.31694	0.62309	0.27065	0.30016	0.24034	0.083174	0.073854	0.69151	0.55979	0.84363	0.79762	0.92828	0.92086	0.94401	0.86499	0.94902	0.85297	0.8997	0.66486	0.36885	0.025419	0.1191	0.29809	0.23459	0.47117	0.47668	0.45135	0.58172	0.50012	0.43906	0.41554	0.48405	0.36007	0.42038	0.44429	0.3498	0.38886	0.36211	0.38727	0.36255	0.45013	0.36665	0.31943	0.25452	0.26734	0.35943	0.39258	0.24763	0.29509	0.2281	0.21569	0.29298	0.24549	0.21308	0.28264	0.34792	0.26554	0.25003	0.26039	0.41806	0.50061	0.35215	0.37515	0.28847	0.26938	0.32318	0.50631	0.25448	0.1976	0.48537	0.34771	0.55317	0.40672	0.46977	0.42275	0.51824	0.38951	0.48619	0.43915	0.28634	0.45892	0.43383	0.61527	0.29905	0.23685	0.26942	0.10151	0.13034	0.18879	0.24517	0.33348	0.38756	0.0041592	0.0063859	0.3365	0.36473	0.50469	0.51831	0.27585	0.43827	0.5554	0.26007	0.48963	0.51769	0.092247	0.11734	0.45086	0.55385	0.0048318	0.0067999	0.010417	0.34897
0.52215	0.76863	0.64281	0.66417	0.93937	1	0.72798	0.82744	0.72145	0.55561	0.57946	0.51432	0.39618	0.34245	0.6776	0.64699	0.6444	0.53198	0.59817	0.53614	0.83366	0.47568	0.21829	0.64494	0.12023	0.2891	0.21535	0.58806	0.1793	0.24886	0.73427	0.38891	0.72876	0.26738	0.38212	0.30097	0.061853	0.053667	0.74676	0.65745	0.85938	0.84412	0.81982	0.81934	0.85831	0.9149	0.84673	0.79534	0.8374	0.6738	0.52692	0.031558	0.14087	0.39742	0.32353	0.44449	0.58231	0.45364	0.62424	0.52937	0.44638	0.58102	0.62769	0.44044	0.55698	0.52403	0.37997	0.53507	0.52324	0.53673	0.48541	0.52526	0.37231	0.4495	0.35603	0.36639	0.47951	0.53564	0.35038	0.40965	0.3576	0.30127	0.41297	0.36148	0.3042	0.39789	0.47361	0.3654	0.36873	0.39082	0.53824	0.61022	0.48489	0.52562	0.38656	0.37379	0.45878	0.60917	0.41089	0.33816	0.63105	0.44524	0.67169	0.4501	0.54746	0.57079	0.55981	0.54458	0.60566	0.52221	0.45045	0.47386	0.57244	0.64563	0.27654	0.24621	0.30988	0.09667	0.13741	0.17792	0.25779	0.33379	0.42798	0.0032966	0.0054959	0.32539	0.41535	0.56096	0.65794	0.41615	0.49255	0.67406	0.30762	0.56663	0.66374	0.088231	0.12257	0.53073	0.68488	0.0037859	0.006051	0.0087037	0.37826
0.90949	0.99253	0.96547	0.96764	0.88186	0.72798	1	0.94735	0.35275	0.2092	0.21915	0.45634	0.48027	0.10927	0.35664	0.37424	0.37071	0.27029	0.56209	0.54004	0.60722	0.42128	0.25507	0.34452	0.20922	0.17817	0.13296	0.30642	0.11543	0.14467	0.5642	0.17058	0.49295	0.1774	0.1647	0.12941	0.070177	0.063789	0.51087	0.39597	0.66741	0.60597	0.87236	0.81542	0.91856	0.60101	0.85771	0.66928	0.72102	0.45885	0.1996	0.011769	0.065074	0.16048	0.12111	0.39046	0.28963	0.33574	0.4269	0.35537	0.30402	0.2588	0.33038	0.19792	0.22935	0.27177	0.21371	0.21733	0.22806	0.21442	0.21444	0.35624	0.27822	0.17936	0.13829	0.14277	0.21284	0.23743	0.13734	0.15706	0.12587	0.11521	0.16063	0.12458	0.11126	0.1551	0.18972	0.13844	0.15614	0.13419	0.2559	0.31991	0.20543	0.21539	0.17112	0.1453	0.19537	0.30568	0.15	0.088639	0.30758	0.20733	0.34714	0.26393	0.3337	0.25451	0.37773	0.24426	0.31973	0.29692	0.16782	0.37942	0.25461	0.51691	0.26136	0.13867	0.14936	0.058991	0.074834	0.12211	0.14707	0.21582	0.23464	0.002441	0.0037694	0.22759	0.20972	0.31927	0.28955	0.15017	0.25462	0.31999	0.15913	0.28614	0.28303	0.052274	0.066171	0.25798	0.32131	0.0029885	0.0039277	0.0067925	0.20163
0.76647	0.95741	0.85067	0.87227	0.9566	0.82744	0.94735	1	0.42047	0.27441	0.28848	0.45821	0.43529	0.15402	0.4125	0.42994	0.42301	0.3327	0.5436	0.52215	0.66271	0.39897	0.22761	0.38371	0.16309	0.20732	0.15961	0.35392	0.13835	0.1719	0.56587	0.21497	0.51114	0.202	0.21125	0.16908	0.069241	0.061867	0.55293	0.44427	0.72334	0.68479	0.88816	0.8617	0.92217	0.7301	0.90478	0.77105	0.81306	0.57536	0.26172	0.022154	0.10188	0.22225	0.17305	0.39362	0.34521	0.36714	0.46374	0.39646	0.34304	0.31884	0.38062	0.24964	0.28931	0.33128	0.26129	0.28796	0.2533	0.28533	0.26106	0.37815	0.35199	0.24049	0.1881	0.19837	0.27136	0.29995	0.18432	0.21332	0.14761	0.16234	0.21182	0.17343	0.156	0.20693	0.2505	0.19492	0.17097	0.18306	0.33229	0.39912	0.27533	0.28772	0.2318	0.20781	0.22666	0.41924	0.17449	0.11705	0.39208	0.29863	0.44622	0.36783	0.42291	0.34228	0.48334	0.26877	0.40919	0.38912	0.19907	0.45937	0.34601	0.58523	0.32466	0.19654	0.2257	0.090081	0.1198	0.17121	0.21948	0.27955	0.32234	0.00435	0.0068278	0.28604	0.29781	0.38389	0.38606	0.2073	0.33312	0.43741	0.24478	0.36407	0.38337	0.080418	0.10474	0.32777	0.41767	0.0052429	0.0073231	0.012416	0.27905
0.23177	0.38061	0.31632	0.33619	0.56086	0.72145	0.35275	0.42047	1	0.85206	0.85922	0.51311	0.35423	0.66992	0.95293	0.89145	0.8869	0.82069	0.55565	0.52389	0.769	0.46437	0.1912	0.86524	0.089021	0.39977	0.33795	0.81858	0.2807	0.33187	0.76609	0.58783	0.81056	0.3445	0.64939	0.52949	0.071129	0.06022	0.68172	0.86539	0.62465	0.6647	0.44046	0.48349	0.45345	0.64877	0.50372	0.54814	0.55329	0.55854	0.87854	0.036972	0.18089	0.64669	0.50069	0.36879	0.77186	0.5085	0.66884	0.48622	0.50895	0.67181	0.69075	0.64484	0.78783	0.69737	0.49906	0.80353	0.81662	0.80891	0.87063	0.61089	0.34089	0.67883	0.61108	0.6023	0.71955	0.7947	0.59048	0.70273	0.77608	0.51467	0.71264	0.67617	0.56029	0.65683	0.76212	0.63355	0.74298	0.65506	0.69334	0.82081	0.64346	0.71878	0.52778	0.50433	0.86781	0.55049	0.64597	0.66858	0.63019	0.39512	0.70158	0.34053	0.40867	0.58653	0.36031	0.86428	0.55289	0.4166	0.70413	0.30256	0.59883	0.42953	0.12615	0.10013	0.13129	0.029835	0.041451	0.066688	0.10258	0.14936	0.20202	0.0004667	0.00074542	0.14085	0.20528	0.39702	0.51259	0.38549	0.34413	0.46452	0.16761	0.42491	0.53148	0.027406	0.036602	0.41279	0.51659	0.00050714	0.00086165	0.0017084	0.21437
0.11435	0.2261	0.17459	0.19677	0.40636	0.55561	0.2092	0.27441	0.85206	1	0.96972	0.44948	0.25939	0.88913	0.81768	0.79228	0.75435	0.8454	0.4364	0.39613	0.6606	0.39766	0.16294	0.86516	0.063308	0.47327	0.39939	0.75307	0.33894	0.42777	0.60533	0.74896	0.62457	0.41576	0.7165	0.60769	0.07606	0.064129	0.58433	0.72581	0.56379	0.59472	0.32133	0.37784	0.29673	0.59274	0.37834	0.47522	0.4728	0.51187	0.73656	0.023525	0.12012	0.50757	0.41736	0.36013	0.81365	0.47371	0.60377	0.51965	0.53572	0.55343	0.53741	0.78812	0.89218	0.72264	0.58205	0.62447	0.64364	0.63743	0.69575	0.45391	0.19611	0.48317	0.43216	0.43923	0.50022	0.57194	0.40046	0.54109	0.64794	0.35596	0.5279	0.53796	0.40821	0.46738	0.60632	0.5028	0.53059	0.49898	0.47964	0.63254	0.44528	0.52558	0.35224	0.34962	0.73398	0.46214	0.52732	0.75069	0.46131	0.3037	0.61782	0.27548	0.26844	0.454	0.24468	0.71304	0.38942	0.28497	0.55825	0.18615	0.47256	0.26676	0.070468	0.11196	0.14666	0.035153	0.046813	0.06327	0.099843	0.14874	0.21357	0.00058436	0.00093003	0.13692	0.22308	0.38223	0.52282	0.37637	0.34999	0.44199	0.13283	0.44359	0.55144	0.033508	0.043922	0.43189	0.51277	0.00058211	0.0010611	0.001129	0.21857
0.12043	0.24094	0.17904	0.19908	0.41751	0.57946	0.21915	0.28848	0.85922	0.96972	1	0.39451	0.22052	0.79765	0.80127	0.76043	0.73422	0.7946	0.40088	0.3498	0.64707	0.37079	0.14181	0.81984	0.052081	0.41466	0.33104	0.74683	0.27308	0.38016	0.61526	0.7076	0.65826	0.35965	0.63318	0.51869	0.054356	0.045265	0.58892	0.71973	0.55608	0.5913	0.31581	0.35659	0.3041	0.58758	0.36358	0.43636	0.4414	0.4564	0.75504	0.022882	0.11473	0.49717	0.42611	0.30974	0.74202	0.3968	0.53649	0.47166	0.44646	0.60336	0.54731	0.68628	0.84256	0.63724	0.48114	0.61758	0.64815	0.63384	0.66126	0.45213	0.1803	0.49194	0.42325	0.42357	0.49572	0.57729	0.39944	0.5234	0.66112	0.34823	0.51607	0.52603	0.39572	0.46251	0.59049	0.47759	0.53154	0.49885	0.47111	0.59803	0.46085	0.54736	0.3568	0.35446	0.72389	0.44133	0.60215	0.76137	0.47298	0.3227	0.593	0.25992	0.27344	0.49107	0.2395	0.6948	0.39614	0.28903	0.62163	0.18823	0.47967	0.2654	0.067676	0.099159	0.14776	0.029918	0.047583	0.056059	0.098465	0.13057	0.2087	0.00048348	0.00089263	0.11804	0.21893	0.33763	0.51977	0.44091	0.30563	0.44405	0.14556	0.39897	0.54766	0.028159	0.04304	0.38214	0.50653	0.0004995	0.0010522	0.0010917	0.19338
0.36782	0.43119	0.46809	0.53459	0.55137	0.51432	0.45634	0.45821	0.51311	0.44948	0.39451	1	0.88967	0.38229	0.52971	0.62419	0.53408	0.65407	0.96422	0.90169	0.7499	0.88524	0.73168	0.64629	0.53529	0.75863	0.66801	0.43046	0.62298	0.65785	0.70248	0.59979	0.49814	0.75915	0.39585	0.34798	0.44446	0.41197	0.7058	0.60959	0.65476	0.57376	0.56491	0.63939	0.48492	0.50274	0.63788	0.61961	0.65635	0.47008	0.3077	0.0071367	0.05818	0.23539	0.14303	0.68013	0.62144	0.72172	0.7364	0.60402	0.78173	0.22491	0.30979	0.59301	0.50557	0.58954	0.63057	0.27707	0.32356	0.27201	0.40968	0.35886	0.18881	0.1972	0.18951	0.20063	0.26299	0.26579	0.16911	0.24689	0.27051	0.14765	0.23559	0.19301	0.16236	0.20436	0.30614	0.2097	0.28532	0.1757	0.25799	0.41274	0.17961	0.19821	0.14906	0.13362	0.36633	0.22843	0.16066	0.19487	0.21826	0.10723	0.33849	0.15372	0.15863	0.16042	0.1665	0.42178	0.20157	0.15424	0.18363	0.1453	0.19114	0.23556	0.071305	0.064764	0.056871	0.020928	0.01772	0.043174	0.045883	0.11085	0.1069	0.00034217	0.00038239	0.11869	0.098502	0.28386	0.22412	0.086891	0.22107	0.20292	0.04569	0.2665	0.23098	0.019743	0.017482	0.25994	0.24548	0.00035247	0.00037929	0.00064287	0.12621
0.44593	0.44054	0.52743	0.58499	0.47708	0.39618	0.48027	0.43529	0.35423	0.25939	0.22052	0.88967	1	0.21094	0.39935	0.48985	0.4291	0.45783	0.8752	0.93989	0.60974	0.72315	0.66797	0.46134	0.6396	0.52613	0.51239	0.33114	0.49685	0.41372	0.58704	0.33714	0.40799	0.53789	0.29659	0.26962	0.46931	0.44502	0.48735	0.48995	0.52113	0.46168	0.50686	0.57526	0.44249	0.35614	0.58168	0.54159	0.55712	0.40623	0.19035	0.0050434	0.043222	0.15531	0.08491	0.64439	0.44557	0.68337	0.64006	0.48559	0.6677	0.15493	0.24445	0.39988	0.31515	0.45413	0.49998	0.19091	0.22962	0.18432	0.29702	0.34176	0.19798	0.13968	0.135	0.1406	0.18854	0.19871	0.12171	0.16595	0.16616	0.10714	0.16591	0.12853	0.11561	0.1417	0.19717	0.14565	0.20602	0.11453	0.20194	0.33588	0.13089	0.13863	0.11879	0.094221	0.26252	0.1775	0.096062	0.096246	0.16711	0.081107	0.26567	0.13481	0.13975	0.1147	0.15184	0.29807	0.1635	0.13219	0.11498	0.15108	0.14109	0.23587	0.082597	0.044287	0.033261	0.015043	0.010842	0.032602	0.029377	0.08184	0.066516	0.0002621	0.00025186	0.091696	0.059147	0.20086	0.13041	0.049098	0.15054	0.12389	0.033775	0.17515	0.1325	0.013878	0.01056	0.16806	0.14775	0.00027821	0.00024302	0.00052143	0.085921
0.054496	0.11599	0.089909	0.10688	0.24417	0.34245	0.10927	0.15402	0.66992	0.88913	0.79765	0.38229	0.21094	1	0.65028	0.66216	0.60429	0.812	0.33232	0.31575	0.46091	0.30539	0.13776	0.69901	0.051512	0.50363	0.47752	0.56779	0.42293	0.45435	0.4051	0.73424	0.39501	0.43896	0.70819	0.63968	0.097109	0.082293	0.41722	0.55371	0.35831	0.38278	0.19444	0.25156	0.16457	0.40963	0.24623	0.35431	0.33965	0.41736	0.63387	0.026474	0.1306	0.5013	0.39797	0.26517	0.68972	0.41938	0.47703	0.38162	0.49934	0.33674	0.33784	0.76949	0.756	0.64943	0.58849	0.5335	0.45384	0.5434	0.6453	0.29628	0.16258	0.39404	0.40084	0.42134	0.43238	0.45096	0.35369	0.52004	0.54196	0.33559	0.47704	0.50768	0.39355	0.41763	0.57034	0.50235	0.42339	0.42597	0.38621	0.53964	0.33745	0.3981	0.27704	0.28816	0.60347	0.34412	0.31974	0.62327	0.30083	0.1963	0.45997	0.19766	0.16128	0.2886	0.15275	0.53954	0.25106	0.17904	0.35561	0.10731	0.32977	0.15354	0.039957	0.072981	0.084756	0.023146	0.025043	0.043685	0.062556	0.10058	0.13174	0.00034363	0.00045052	0.092796	0.14029	0.2848	0.3601	0.20025	0.27617	0.29713	0.073308	0.33896	0.38658	0.022594	0.02442	0.33823	0.35022	0.00031914	0.00050509	0.00070061	0.16477
0.2394	0.3817	0.32535	0.34329	0.54353	0.6776	0.35664	0.4125	0.95293	0.81768	0.80127	0.52971	0.39935	0.65028	1	0.96722	0.9791	0.84381	0.56074	0.58901	0.78003	0.44631	0.1858	0.90142	0.095673	0.39166	0.35821	0.92173	0.30789	0.3106	0.79731	0.53294	0.86307	0.34409	0.7666	0.65142	0.08344	0.07117	0.58813	0.92106	0.62502	0.68531	0.42797	0.48643	0.43229	0.60655	0.50299	0.5784	0.55956	0.62315	0.79723	0.035369	0.17198	0.59652	0.44843	0.42002	0.79209	0.58216	0.72006	0.52389	0.5604	0.6547	0.71005	0.6624	0.75782	0.74459	0.55301	0.77179	0.80103	0.77352	0.8629	0.72846	0.37803	0.65851	0.59084	0.5738	0.67611	0.79691	0.5722	0.65657	0.70891	0.50596	0.69239	0.65898	0.55647	0.62073	0.67934	0.62634	0.72377	0.6189	0.69473	0.86368	0.6309	0.69824	0.55329	0.48447	0.88513	0.5747	0.58872	0.58223	0.63339	0.41333	0.75173	0.37948	0.42913	0.5894	0.38279	0.84374	0.56797	0.43932	0.65598	0.34443	0.61102	0.46832	0.14532	0.095738	0.11391	0.029537	0.036959	0.064749	0.090833	0.1451	0.17923	0.0004762	0.00069415	0.13854	0.18149	0.3781	0.44608	0.35516	0.32779	0.40686	0.16801	0.40423	0.46126	0.027028	0.032853	0.38393	0.45389	0.00051212	0.00078906	0.0015195	0.20397
0.25256	0.39093	0.34169	0.3695	0.5531	0.64699	0.37424	0.42994	0.89145	0.79228	0.76043	0.62419	0.48985	0.66216	0.96722	1	0.98175	0.91545	0.63246	0.68387	0.80823	0.50748	0.24094	0.90638	0.13277	0.49087	0.46832	0.89769	0.41612	0.39091	0.81857	0.58664	0.82849	0.44277	0.79895	0.70015	0.13077	0.11306	0.59355	0.93366	0.6421	0.69265	0.44567	0.52037	0.42814	0.59797	0.53449	0.62724	0.60092	0.65802	0.70555	0.031615	0.16306	0.54988	0.39966	0.4806	0.80335	0.66138	0.75748	0.56594	0.64994	0.54885	0.61726	0.70719	0.73616	0.77609	0.63601	0.6784	0.67372	0.67797	0.80772	0.70236	0.37056	0.56154	0.51773	0.5104	0.59551	0.69399	0.49028	0.58678	0.60262	0.44311	0.60729	0.57368	0.48982	0.53549	0.61171	0.56939	0.61874	0.51302	0.61506	0.82526	0.53109	0.58732	0.47824	0.40792	0.80218	0.51906	0.45622	0.4752	0.53301	0.35216	0.70238	0.35454	0.36768	0.49125	0.34043	0.73964	0.48456	0.37894	0.51796	0.31456	0.52162	0.42172	0.13362	0.086073	0.096168	0.027353	0.031574	0.060152	0.079146	0.13383	0.15701	0.00044768	0.00061126	0.12992	0.1574	0.34645	0.38135	0.27594	0.30093	0.35062	0.14036	0.37046	0.39579	0.02512	0.028392	0.34718	0.39231	0.00047444	0.00068258	0.0013172	0.18572
0.25098	0.3928	0.33717	0.35625	0.54	0.6444	0.37071	0.42301	0.8869	0.75435	0.73422	0.53408	0.4291	0.60429	0.9791	0.98175	1	0.84099	0.55624	0.62594	0.76949	0.42829	0.18404	0.8741	0.10158	0.38515	0.37118	0.93692	0.32709	0.29709	0.79517	0.48706	0.86026	0.34252	0.797	0.69529	0.093867	0.080545	0.53127	0.9209	0.61242	0.68128	0.4252	0.49194	0.42172	0.57804	0.50865	0.60109	0.56653	0.6569	0.71294	0.035062	0.17043	0.55408	0.41335	0.43563	0.7572	0.6098	0.71764	0.52238	0.57512	0.59728	0.66566	0.63711	0.69237	0.73617	0.5675	0.70889	0.71193	0.70928	0.8091	0.76476	0.40093	0.60444	0.54456	0.52782	0.61815	0.74825	0.525	0.59725	0.61	0.47188	0.63563	0.60493	0.51899	0.56237	0.60549	0.59168	0.64421	0.54683	0.65714	0.85359	0.58456	0.64399	0.53589	0.44367	0.82895	0.56405	0.50083	0.47786	0.59038	0.40595	0.74689	0.39462	0.41802	0.55742	0.38278	0.75225	0.54071	0.42905	0.56744	0.36415	0.57891	0.47449	0.15558	0.089731	0.10178	0.02888	0.034525	0.064046	0.084976	0.13836	0.16343	0.00049584	0.0006922	0.13323	0.16444	0.34779	0.3907	0.31252	0.30308	0.36215	0.16428	0.37198	0.4029	0.026292	0.030609	0.34596	0.40043	0.00053282	0.00078165	0.0015134	0.19149
0.1664	0.27824	0.23804	0.27297	0.44877	0.53198	0.27029	0.3327	0.82069	0.8454	0.7946	0.65407	0.45783	0.812	0.84381	0.91545	0.84099	1	0.61317	0.61872	0.72916	0.53111	0.28468	0.85381	0.14101	0.67544	0.64882	0.74539	0.58303	0.57336	0.69408	0.77764	0.64035	0.60972	0.76434	0.682	0.18446	0.15974	0.60063	0.82778	0.5632	0.58971	0.36219	0.44122	0.32356	0.53953	0.44874	0.5519	0.53707	0.56804	0.66632	0.026524	0.14747	0.52984	0.38042	0.44553	0.80661	0.63939	0.6952	0.54364	0.69334	0.42119	0.4589	0.80467	0.77446	0.77707	0.71101	0.58573	0.53541	0.58773	0.74806	0.49785	0.26857	0.45418	0.44516	0.45501	0.5075	0.5515	0.403	0.54459	0.55885	0.37475	0.52408	0.50951	0.4238	0.4577	0.59337	0.5181	0.51205	0.43021	0.48623	0.69888	0.40569	0.45948	0.35268	0.3233	0.70562	0.40142	0.35292	0.47649	0.38208	0.24583	0.56494	0.25788	0.23874	0.35277	0.2248	0.62871	0.33753	0.25367	0.40015	0.19232	0.3878	0.26553	0.076059	0.067786	0.077758	0.021085	0.023865	0.04524	0.0616	0.10383	0.12813	0.00030838	0.00041693	0.10013	0.12993	0.28972	0.33239	0.20621	0.25876	0.29587	0.093109	0.32135	0.3522	0.019771	0.021928	0.30656	0.33787	0.00031231	0.00046688	0.00084725	0.15351
0.48349	0.53885	0.58806	0.64899	0.6363	0.59817	0.56209	0.5436	0.55565	0.4364	0.40088	0.96422	0.8752	0.33232	0.56074	0.63246	0.55624	0.61317	1	0.90314	0.79734	0.91359	0.70373	0.65394	0.51976	0.64632	0.53348	0.45129	0.48156	0.556	0.7829	0.54386	0.57793	0.63986	0.35785	0.30078	0.32938	0.30341	0.77343	0.64414	0.70733	0.6181	0.64364	0.68839	0.59013	0.53898	0.69796	0.62412	0.67686	0.45468	0.33583	0.0074125	0.059468	0.24524	0.15152	0.65562	0.60206	0.66586	0.73235	0.58797	0.69468	0.27002	0.36344	0.52613	0.49508	0.55138	0.53606	0.30339	0.37967	0.29786	0.42829	0.40326	0.20469	0.22553	0.20783	0.21501	0.29566	0.30199	0.19138	0.26231	0.30479	0.16134	0.2578	0.20572	0.17415	0.22815	0.32588	0.21559	0.33312	0.19857	0.29002	0.43162	0.21048	0.23017	0.17099	0.15326	0.39488	0.24334	0.20436	0.20904	0.25929	0.12445	0.35498	0.16136	0.19253	0.19112	0.19388	0.475	0.23925	0.18298	0.22935	0.17384	0.2176	0.28572	0.085675	0.066268	0.062501	0.020408	0.019404	0.04451	0.050214	0.11521	0.11607	0.0003243	0.0003992	0.12288	0.10631	0.29694	0.24604	0.10725	0.22362	0.22617	0.054636	0.27343	0.25124	0.018971	0.018601	0.26583	0.27076	0.00034949	0.00040198	0.00073879	0.12847
0.46099	0.51579	0.56077	0.61197	0.58921	0.53614	0.54004	0.52215	0.52389	0.39613	0.3498	0.90169	0.93989	0.31575	0.58901	0.68387	0.62594	0.61872	0.90314	1	0.77972	0.71385	0.53671	0.62718	0.44807	0.55323	0.54753	0.51787	0.51767	0.42823	0.74339	0.42185	0.58712	0.54331	0.45562	0.41254	0.35224	0.32457	0.56966	0.69011	0.65682	0.62786	0.56652	0.64865	0.51684	0.47366	0.66515	0.66002	0.66018	0.55613	0.3074	0.0094273	0.068913	0.24285	0.14036	0.71816	0.61511	0.81104	0.80144	0.61399	0.77373	0.27482	0.39642	0.53883	0.4622	0.62646	0.62573	0.31312	0.36513	0.30445	0.4421	0.52413	0.28695	0.24126	0.22427	0.22843	0.29273	0.33263	0.20635	0.26424	0.26512	0.18359	0.27215	0.22318	0.19899	0.23294	0.29748	0.24127	0.31756	0.20044	0.32714	0.51003	0.23094	0.24585	0.2128	0.16707	0.41671	0.29606	0.17563	0.16847	0.28695	0.15638	0.42956	0.22736	0.23562	0.21475	0.2431	0.44292	0.27866	0.22785	0.20771	0.24513	0.25208	0.35634	0.12705	0.064908	0.055404	0.022199	0.018647	0.045457	0.046071	0.11038	0.10031	0.00040169	0.00043105	0.11867	0.092275	0.26446	0.2019	0.10066	0.20756	0.19264	0.066694	0.24365	0.20669	0.0203	0.017492	0.231	0.22215	0.00043105	0.00043818	0.00084422	0.12296
0.43932	0.62249	0.55919	0.60005	0.7883	0.83366	0.60722	0.66271	0.769	0.6606	0.64707	0.7499	0.60974	0.46091	0.78003	0.80823	0.76949	0.72916	0.79734	0.77972	1	0.64605	0.35113	0.81118	0.20916	0.5085	0.43681	0.73485	0.38086	0.42538	0.88034	0.56906	0.81367	0.47592	0.55842	0.47278	0.15089	0.13254	0.75083	0.86193	0.93374	0.93733	0.67029	0.72988	0.65766	0.74294	0.76038	0.76261	0.7822	0.68064	0.49237	0.013532	0.082166	0.32724	0.2209	0.72589	0.83218	0.74827	0.89098	0.80506	0.74478	0.58665	0.68258	0.69643	0.74679	0.77834	0.65686	0.47459	0.58332	0.47115	0.53936	0.67721	0.29164	0.38148	0.30826	0.30966	0.39437	0.49851	0.29349	0.36289	0.40986	0.25402	0.37968	0.33626	0.27571	0.33218	0.41205	0.32723	0.42051	0.33253	0.46365	0.6389	0.38722	0.42855	0.32583	0.27552	0.58985	0.502	0.4014	0.36893	0.52455	0.33263	0.68481	0.37334	0.41144	0.45542	0.39478	0.63776	0.49142	0.4035	0.4389	0.37341	0.4754	0.5179	0.17885	0.13981	0.16514	0.049011	0.061262	0.079786	0.11016	0.19005	0.23524	0.0010847	0.0016386	0.1892	0.22723	0.39798	0.43733	0.33204	0.33197	0.41431	0.17966	0.40371	0.45208	0.044739	0.054937	0.37966	0.45611	0.0011933	0.0018098	0.0018815	0.21736
0.3665	0.4002	0.44978	0.50879	0.49408	0.47568	0.42128	0.39897	0.46437	0.39766	0.37079	0.88524	0.72315	0.30539	0.44631	0.50748	0.42829	0.53111	0.91359	0.71385	0.64605	1	0.81307	0.59803	0.55437	0.68054	0.49092	0.3474	0.43716	0.6433	0.70928	0.59438	0.47989	0.69044	0.26798	0.21643	0.32158	0.29875	0.80317	0.51568	0.58179	0.46633	0.53511	0.54931	0.47011	0.44771	0.54087	0.46285	0.52799	0.29695	0.2804	0.0038833	0.036869	0.18931	0.12342	0.50414	0.48355	0.47272	0.54871	0.45927	0.54113	0.19106	0.24725	0.43675	0.42039	0.40311	0.40394	0.21974	0.30465	0.21832	0.33809	0.2668	0.10759	0.15437	0.14437	0.15083	0.22399	0.20773	0.13127	0.19658	0.28032	0.10471	0.18755	0.14496	0.11496	0.16638	0.26809	0.14854	0.28286	0.14285	0.18873	0.28952	0.13725	0.15612	0.10187	0.098581	0.30975	0.14506	0.17573	0.19753	0.16549	0.069683	0.22706	0.082707	0.10711	0.12212	0.10567	0.40568	0.14378	0.10101	0.18849	0.087414	0.13531	0.16256	0.038196	0.045672	0.043283	0.012401	0.01202	0.030066	0.034361	0.085554	0.088758	0.00015668	0.00020303	0.091125	0.080613	0.25025	0.20854	0.077685	0.17721	0.17847	0.028001	0.23115	0.21094	0.011798	0.012097	0.22725	0.23069	0.00016571	0.00019701	0.0003186	0.094632
0.24655	0.22573	0.29077	0.34633	0.26707	0.21829	0.25507	0.22761	0.1912	0.16294	0.14181	0.73168	0.66797	0.13776	0.1858	0.24094	0.18404	0.28468	0.70373	0.53671	0.35113	0.81307	1	0.27972	0.84299	0.60344	0.45229	0.1328	0.42695	0.58709	0.37009	0.37098	0.19774	0.65372	0.11579	0.097318	0.53496	0.5193	0.47648	0.24504	0.31179	0.22678	0.32359	0.34103	0.25923	0.2133	0.33098	0.26707	0.31405	0.14721	0.10086	0.0012067	0.01425	0.073185	0.040728	0.35852	0.24114	0.31652	0.31559	0.2696	0.38192	0.058276	0.086573	0.23938	0.18868	0.2081	0.25993	0.07741	0.10412	0.075666	0.14091	0.10516	0.048228	0.050463	0.051116	0.055904	0.083913	0.070203	0.044203	0.073997	0.097939	0.036113	0.066697	0.047878	0.039484	0.058133	0.10731	0.053571	0.10287	0.044976	0.068727	0.11989	0.042814	0.047651	0.032148	0.031337	0.11383	0.050116	0.046257	0.059225	0.052735	0.019433	0.083779	0.02913	0.035413	0.034074	0.037601	0.15696	0.046969	0.033027	0.051995	0.03117	0.04164	0.061751	0.014838	0.017078	0.013478	0.0046894	0.0035485	0.011622	0.011207	0.03512	0.030786	5.5648e-05	5.9151e-05	0.039828	0.026807	0.10692	0.070694	0.017996	0.072796	0.061565	0.0074257	0.092896	0.072033	0.0045182	0.0037183	0.092208	0.081499	5.7623e-05	5.3782e-05	0.0001049	0.036462
0.22862	0.35855	0.32068	0.3499	0.53024	0.64494	0.34452	0.38371	0.86524	0.86516	0.81984	0.64629	0.46134	0.69901	0.90142	0.90638	0.8741	0.85381	0.65394	0.62718	0.81118	0.59803	0.27972	1	0.14323	0.52208	0.43803	0.84474	0.38263	0.44854	0.84357	0.68123	0.81592	0.48139	0.72246	0.61143	0.12619	0.11008	0.6943	0.85279	0.70334	0.70116	0.46775	0.52699	0.4331	0.63438	0.5237	0.59335	0.59483	0.56901	0.63915	0.015383	0.096347	0.43278	0.33328	0.52065	0.84116	0.6133	0.75586	0.61953	0.64932	0.52454	0.5848	0.75208	0.81133	0.74746	0.62014	0.56021	0.69411	0.56614	0.69878	0.60062	0.22622	0.43022	0.38068	0.37816	0.48179	0.55414	0.35821	0.46807	0.61739	0.30249	0.48089	0.44532	0.34425	0.4181	0.53558	0.42404	0.58642	0.41935	0.46534	0.65341	0.40185	0.46734	0.3271	0.29288	0.75327	0.43011	0.49746	0.57558	0.45343	0.26262	0.6139	0.26486	0.28456	0.41008	0.26552	0.78795	0.39157	0.28711	0.52969	0.22372	0.42905	0.34093	0.08833	0.10592	0.11533	0.032023	0.036121	0.065123	0.085429	0.16236	0.19462	0.00049268	0.0006961	0.158	0.19265	0.42919	0.46318	0.29563	0.35279	0.39019	0.10737	0.45326	0.47402	0.030195	0.034769	0.43595	0.47635	0.0005033	0.00074363	0.00087362	0.20978
0.24362	0.17628	0.26358	0.30695	0.17285	0.12023	0.20922	0.16309	0.089021	0.063308	0.052081	0.53529	0.6396	0.051512	0.095673	0.13277	0.10158	0.14101	0.51976	0.44807	0.20916	0.55437	0.84299	0.14323	1	0.33644	0.27507	0.068256	0.27407	0.30057	0.2279	0.15413	0.11216	0.3826	0.05889	0.051379	0.54138	0.54598	0.25039	0.13706	0.18497	0.1307	0.22983	0.24221	0.18264	0.10982	0.23505	0.17736	0.20504	0.091542	0.040307	0.00052207	0.0068725	0.031586	0.015397	0.27124	0.12237	0.22833	0.20389	0.16213	0.25201	0.025067	0.044785	0.11559	0.080638	0.11304	0.15294	0.034525	0.048765	0.033067	0.068785	0.067488	0.034829	0.022617	0.023377	0.025433	0.039876	0.033593	0.020259	0.03246	0.039022	0.01659	0.030393	0.020018	0.017747	0.026052	0.046141	0.023882	0.049326	0.018533	0.035198	0.065413	0.019588	0.020808	0.015991	0.013913	0.053027	0.025389	0.016939	0.018378	0.02597	0.0089356	0.043229	0.016558	0.020356	0.014937	0.022979	0.075748	0.02463	0.018255	0.020119	0.021382	0.019391	0.042343	0.011838	0.0084283	0.0052458	0.0024425	0.0014312	0.0064394	0.0049077	0.019408	0.013332	3.108e-05	2.6524e-05	0.02353	0.011033	0.056522	0.027963	0.0059857	0.03629	0.025552	0.0033284	0.044461	0.02797	0.0023183	0.0015192	0.043592	0.033891	3.2882e-05	2.2678e-05	5.8188e-05	0.017924
0.11902	0.16927	0.16799	0.20987	0.28112	0.2891	0.17817	0.20732	0.39977	0.47327	0.41466	0.75863	0.52613	0.50363	0.39166	0.49087	0.38515	0.67544	0.64632	0.55323	0.5085	0.68054	0.60344	0.52208	0.33644	1	0.90167	0.31605	0.84788	0.96303	0.45786	0.82708	0.30356	0.98602	0.36891	0.3349	0.4864	0.4427	0.53067	0.46372	0.40607	0.35971	0.26389	0.3248	0.20574	0.31835	0.31999	0.35814	0.37895	0.28752	0.26578	0.0047427	0.039908	0.19524	0.11742	0.44676	0.54258	0.52506	0.50462	0.46188	0.66279	0.1476	0.1788	0.63144	0.49653	0.50239	0.61175	0.20296	0.21433	0.20157	0.32867	0.19721	0.085951	0.13714	0.14133	0.15329	0.18077	0.17575	0.11933	0.19931	0.2394	0.10905	0.17764	0.15816	0.12657	0.14896	0.25158	0.16798	0.20588	0.13161	0.15999	0.27751	0.11331	0.1305	0.091191	0.089001	0.29228	0.12964	0.11462	0.20206	0.11886	0.059656	0.21258	0.077156	0.069157	0.094442	0.068245	0.29956	0.10248	0.072532	0.12962	0.054666	0.11359	0.088869	0.021285	0.02974	0.029671	0.008673	0.0079194	0.01686	0.020556	0.047892	0.053559	0.00010253	0.0001214	0.049111	0.051923	0.14865	0.1411	0.058155	0.12264	0.11966	0.021516	0.15681	0.15162	0.0084137	0.0078587	0.154	0.14883	9.9129e-05	0.00012528	0.00017473	0.064099
0.085943	0.12525	0.12386	0.15641	0.21337	0.21535	0.13296	0.15961	0.33795	0.39939	0.33104	0.66801	0.51239	0.47752	0.35821	0.46832	0.37118	0.64882	0.53348	0.54753	0.43681	0.49092	0.45229	0.43803	0.27507	0.90167	1	0.30437	0.98644	0.7916	0.3643	0.6568	0.24911	0.87359	0.42452	0.41969	0.56363	0.51252	0.35382	0.43936	0.31972	0.30975	0.18716	0.25301	0.14303	0.23599	0.2532	0.31916	0.31361	0.29998	0.22417	0.0053721	0.041886	0.17966	0.096239	0.43991	0.52166	0.60097	0.50336	0.43888	0.71277	0.1275	0.16509	0.63957	0.44305	0.54212	0.70462	0.18905	0.1797	0.18535	0.31512	0.20769	0.10216	0.13098	0.14081	0.15206	0.16072	0.16971	0.11681	0.18854	0.19367	0.11486	0.17187	0.15909	0.13497	0.13877	0.21609	0.17435	0.17653	0.12096	0.15933	0.29235	0.10778	0.12052	0.0979	0.086373	0.27914	0.1324	0.082879	0.15269	0.10955	0.060623	0.21893	0.089083	0.067728	0.086464	0.067593	0.24906	0.098519	0.0734	0.099799	0.059211	0.1105	0.085953	0.023785	0.022492	0.020675	0.0071066	0.00565	0.012663	0.014211	0.034955	0.035845	8.6887e-05	8.7953e-05	0.036083	0.035194	0.10706	0.09555	0.043806	0.093391	0.083616	0.020338	0.11403	0.10452	0.0068148	0.0054688	0.111	0.10019	8.2517e-05	9.2623e-05	0.00014448	0.048768
0.19844	0.33201	0.27166	0.284	0.46599	0.58806	0.30642	0.35392	0.81858	0.75307	0.74683	0.43046	0.33114	0.56779	0.92173	0.89769	0.93692	0.74539	0.45129	0.51787	0.73485	0.3474	0.1328	0.84474	0.068256	0.31605	0.30437	1	0.26495	0.24455	0.75176	0.44208	0.87289	0.27885	0.82022	0.72263	0.06473	0.054808	0.45168	0.90026	0.60159	0.69745	0.34682	0.40229	0.34964	0.51606	0.41819	0.51156	0.47595	0.59373	0.63122	0.021395	0.10766	0.4234	0.31387	0.43429	0.76481	0.56578	0.68894	0.55768	0.52862	0.69143	0.73976	0.63306	0.7167	0.72876	0.54214	0.62031	0.73276	0.62404	0.69075	0.84416	0.30158	0.53518	0.44166	0.4185	0.49297	0.68606	0.43095	0.47873	0.57746	0.37894	0.53967	0.5253	0.42815	0.45986	0.4789	0.4807	0.59073	0.4848	0.57191	0.75843	0.53129	0.59817	0.48733	0.37936	0.81991	0.55571	0.57174	0.51497	0.60485	0.4378	0.77482	0.39869	0.42138	0.60273	0.36779	0.74287	0.54806	0.43514	0.62561	0.36731	0.59848	0.46382	0.14495	0.089739	0.11174	0.028908	0.038809	0.053434	0.077386	0.12477	0.16248	0.00050419	0.00078838	0.11742	0.1656	0.30252	0.37968	0.41812	0.26259	0.34157	0.18536	0.33506	0.39455	0.026237	0.034057	0.30625	0.38189	0.00054095	0.00090999	0.0010472	0.16643
0.074518	0.10724	0.1078	0.1377	0.18363	0.1793	0.11543	0.13835	0.2807	0.33894	0.27308	0.62298	0.49685	0.42293	0.30789	0.41612	0.32709	0.58303	0.48156	0.51767	0.38086	0.43716	0.42695	0.38263	0.27407	0.84788	0.98644	0.26495	1	0.73483	0.31457	0.57246	0.20955	0.8331	0.3972	0.40443	0.62384	0.57229	0.29528	0.38309	0.27726	0.26887	0.16406	0.22777	0.12127	0.20252	0.22568	0.29525	0.28429	0.28138	0.18136	0.0047613	0.037115	0.15162	0.079331	0.415	0.45944	0.57548	0.45643	0.3979	0.682	0.10035	0.13502	0.5809	0.37659	0.49247	0.67708	0.1565	0.14295	0.15301	0.26794	0.18187	0.093775	0.10699	0.1174	0.12794	0.1329	0.14008	0.096115	0.15743	0.15199	0.096347	0.1431	0.13216	0.11346	0.11417	0.17859	0.14923	0.14123	0.097401	0.13413	0.25603	0.087693	0.097509	0.082251	0.070899	0.23137	0.11524	0.061247	0.11767	0.089633	0.050588	0.19113	0.080252	0.056825	0.069986	0.058587	0.20245	0.081768	0.061891	0.075413	0.051893	0.091948	0.07402	0.021489	0.02015	0.017064	0.0066542	0.0047772	0.011675	0.012118	0.031616	0.030172	8.6207e-05	7.9731e-05	0.033003	0.029506	0.094061	0.077865	0.033029	0.08296	0.068605	0.016791	0.099724	0.085077	0.0064074	0.0046967	0.096538	0.082159	8.0623e-05	8.2363e-05	0.00012903	0.043537
0.093713	0.13731	0.13426	0.17117	0.23932	0.24886	0.14467	0.1719	0.33187	0.42777	0.38016	0.65785	0.41372	0.45435	0.3106	0.39091	0.29709	0.57336	0.556	0.42823	0.42538	0.6433	0.58709	0.44854	0.30057	0.96303	0.7916	0.24455	0.73483	1	0.38506	0.83439	0.24296	0.96586	0.28148	0.24919	0.42397	0.38634	0.51326	0.36655	0.35397	0.2983	0.23194	0.27933	0.17598	0.28869	0.27073	0.29658	0.32508	0.22149	0.22176	0.0033751	0.029653	0.157	0.099447	0.36026	0.44911	0.39529	0.39521	0.38612	0.53618	0.11543	0.13368	0.53902	0.43278	0.39405	0.49087	0.15738	0.16786	0.15756	0.25518	0.13727	0.056127	0.10243	0.10494	0.1161	0.14066	0.12963	0.087721	0.15591	0.19872	0.078702	0.13416	0.11909	0.09162	0.11381	0.20876	0.12615	0.15872	0.10142	0.11677	0.20345	0.083515	0.098395	0.062983	0.066056	0.22302	0.096118	0.095464	0.18306	0.08854	0.043043	0.15868	0.053479	0.048721	0.071103	0.048431	0.24186	0.074329	0.051073	0.10497	0.036048	0.084363	0.061753	0.013648	0.02676	0.027835	0.0076344	0.0073294	0.014751	0.018854	0.04274	0.050546	8.9865e-05	0.00011352	0.043508	0.049054	0.13303	0.13203	0.0495	0.10913	0.10939	0.016119	0.14283	0.14195	0.0075253	0.007455	0.14096	0.13877	8.5755e-05	0.00011574	0.00013948	0.05691
0.45229	0.57856	0.55154	0.58003	0.68176	0.73427	0.5642	0.56587	0.76609	0.60533	0.61526	0.70248	0.58704	0.4051	0.79731	0.81857	0.79517	0.69408	0.7829	0.74339	0.88034	0.70928	0.37009	0.84357	0.2279	0.45786	0.3643	0.75176	0.31457	0.38506	1	0.52361	0.92334	0.43263	0.51175	0.41736	0.13012	0.11489	0.76106	0.87116	0.77221	0.74959	0.6009	0.61898	0.59843	0.61451	0.63751	0.60702	0.63068	0.50141	0.50836	0.010956	0.074524	0.32999	0.23544	0.54234	0.6734	0.56931	0.71578	0.58687	0.56054	0.50371	0.57963	0.53091	0.60137	0.58837	0.46875	0.44968	0.60556	0.4501	0.56238	0.66326	0.23657	0.36576	0.30406	0.29571	0.41364	0.48629	0.29523	0.35603	0.48295	0.23995	0.38314	0.32306	0.26139	0.33743	0.41519	0.30636	0.5141	0.31961	0.41843	0.57273	0.35801	0.40233	0.29576	0.24641	0.61143	0.36027	0.44583	0.35691	0.43483	0.24868	0.52895	0.23772	0.30876	0.38635	0.27961	0.67369	0.39058	0.2978	0.47501	0.27347	0.37935	0.40948	0.11389	0.079143	0.091374	0.023184	0.029823	0.051656	0.068884	0.12947	0.15605	0.00036156	0.00056696	0.12926	0.14849	0.33005	0.35144	0.262	0.25061	0.31653	0.10803	0.32812	0.35447	0.021104	0.027072	0.30416	0.37268	0.000407	0.00060938	0.00083136	0.14983
0.10051	0.17322	0.14991	0.18205	0.31694	0.38891	0.17058	0.21497	0.58783	0.74896	0.7076	0.59979	0.33714	0.73424	0.53294	0.58664	0.48706	0.77764	0.54386	0.42185	0.56906	0.59438	0.37098	0.68123	0.15413	0.82708	0.6568	0.44208	0.57246	0.83439	0.52361	1	0.41053	0.7723	0.45459	0.38543	0.19893	0.17364	0.64302	0.55432	0.47374	0.43731	0.27468	0.32294	0.22991	0.42991	0.31942	0.36435	0.39174	0.31447	0.45254	0.0076942	0.055468	0.29808	0.21416	0.37346	0.66551	0.44057	0.51008	0.48089	0.56822	0.27134	0.27658	0.73111	0.71389	0.56524	0.56726	0.32741	0.36175	0.33196	0.45404	0.24284	0.090788	0.22942	0.21991	0.23303	0.27714	0.27891	0.19271	0.30854	0.42514	0.16924	0.27844	0.26519	0.19777	0.24113	0.39002	0.25644	0.32593	0.23822	0.23496	0.3575	0.19399	0.23226	0.14344	0.15186	0.44508	0.19624	0.26033	0.44972	0.199	0.10624	0.3039	0.1057	0.10452	0.17728	0.095663	0.46327	0.16255	0.11076	0.27414	0.070171	0.19399	0.11479	0.024523	0.048587	0.060996	0.013429	0.016359	0.02531	0.038708	0.070779	0.099146	0.00015901	0.00024214	0.067968	0.10026	0.21898	0.27305	0.14631	0.1862	0.22227	0.041153	0.24744	0.29295	0.013067	0.015915	0.24522	0.27559	0.00015505	0.00026468	0.0002847	0.10162
